2.53870963456    1.00197306389e-07    7.63042784041e-07    2.6148709236    4.25658069789e-09    6.55475930005e-10
3.06567872076    2.20901197375e-08    2.4531162507e-07    3.15764908238    2.72419284126e-15    1.26927807559e-15
3.70203267478    6.13936147574e-17    9.94192495541e-16    3.81309365502    1.06857504923e-14    1.49693308949e-14
4.47047690689    3.40725060407e-13    8.04597297535e-12    4.6045912141    2.67323851598e-09    1.08879075098e-08
5.39842987104    7.93168054984e-09    2.73128439441e-07    5.56038276717    2.53710896258e-09    3.05179169438e-08
6.51900136819    1.51683991969e-08    7.61673199973e-07    6.71457140924    2.1230587796e-10    7.56573588693e-09
7.87217391977    6.39763809902e-09    4.68463556143e-07    8.10833913736    4.37287434213e-16    4.55908236839e-14
9.5062293629    5.31163286083e-10    5.67167591609e-08    9.79141624379    9.43599073546e-10    2.81151172744e-07
11.4794715692    8.04505236996e-20    1.25267799885e-17    11.8238557163    3.15733080167e-10    2.60504204348e-07
13.8623067547    2.20946251007e-15    5.01677273661e-13    14.2781759573    4.18350167038e-17    9.73338978751e-14
16.7397556065    1.17922403165e-17    3.90446314961e-15    17.2419482747    3.34154591935e-19    1.38561028482e-15
20.2144868617    5.95217567351e-16    2.87387559318e-13    20.8209214676    2.86822485457e-12    1.7343393427e-08
24.4104805762    4.80624386782e-18    3.38396017241e-15    25.1427949935    8.55810721393e-11    7.5461567195e-07
29.4774517917    1.53535967985e-20    1.57636501467e-17    30.3617753455    1.42604484811e-11    1.83361645589e-07
35.5961924396    1.35944539749e-16    2.03533378412e-13    36.6640782128    9.88841516827e-12    1.85408321575e-07
42.9850220823    1.57408287521e-11    3.43659760642e-08    44.2745727447    1.84697190976e-12    5.04998440662e-08
51.9075776587    2.18311420916e-26    6.95031938254e-23    53.4648049885    7.85949926961e-12    3.13365976195e-07
62.6822201752    1.94724949481e-11    9.04018091393e-08    64.5626867805    6.45914242443e-12    3.75542454442e-07
75.6933939766    1.31458244186e-26    8.89960160478e-23    77.9641957959    2.51039753185e-12    2.12840316061e-07
91.4053439027    8.16871956853e-20    8.06424923583e-16    94.1475042197    1.71633095308e-12    2.12197199099e-07
