2.16183424273    2.00183272498e-09    2.16183424273    5.40005195232e-09
2.5116930503    1.94079529381e-09    2.5116930503    2.77526987013e-09
2.91817099307    1.59776225983e-09    2.91817099307    1.23880773675e-09
3.39043098588    9.85158937141e-10    3.39043098588    1.0816843495e-09
3.939118817    3.49201838805e-10    3.939118817    9.34508412808e-10
4.57660312777    1.01076502835e-10    4.57660312777    7.27118069872e-10
5.31725422922    1.03639245308e-11    5.31725422922    4.95930424014e-10
6.1777680408    2.72544775239e-24    6.1777680408    1.03653021562e-23
7.17754245343    6.36711694596e-23    7.17754245343    2.031446677e-22
8.33911460104    2.32898110385e-11    8.33911460104    1.14048471773e-19
9.68866889752    4.38234340539e-11    9.68866889752    4.17668967661e-21
11.2566272916    5.60109616519e-11    11.2566272916    1.36477379756e-25
13.078335045    5.29898576172e-11    13.078335045    3.45866712793e-26
15.1948574932    5.27399887621e-11    15.1948574932    3.13833720553e-13
17.6539057489    5.5877017315e-11    17.6539057489    2.40755683868e-10
