2.8269690862    4.71531157365e-08    8.8272709448e-07    2.91177815878    1.48685271855e-09    5.89436083884e-10
4.12238240451    4.59709971323e-22    1.83001402808e-20    4.24605387665    1.118650369e-09    4.02896946564e-09
6.01139813378    4.56237718604e-09    3.86203419407e-07    6.1917400778    5.17201515298e-11    1.63571852728e-09
8.76602507407    1.79257433077e-09    3.22668472898e-07    9.02900582629    9.05613987478e-10    2.33467366201e-07
12.7829157027    4.9739901239e-23    1.90387623112e-20    13.1664031737    5.69532192073e-22    1.18887210672e-18
18.6404821433    3.77024497151e-26    3.06872375719e-23    19.1996966076    1.75530611842e-22    1.25643504948e-18
27.1821846141    1.2099952748e-20    2.09423943537e-17    27.9976501525    5.27239929407e-11    8.02508982791e-07
39.6379854723    1.55857259288e-11    5.73619790756e-08    40.8271250364    8.22881286357e-12    2.66338057404e-07
57.8014576314    1.55026218279e-17    1.21326781636e-13    59.5355013604    8.02532991179e-12    5.52348742339e-07
84.2880500739    4.68547599735e-27    7.79757704852e-23    86.8166915762    5.96150960973e-12    8.72491401969e-07
