0.104622002691 1.4904762087
0.109977003187 1.57097653664
0.115330502391 1.66896950449
0.120682504028 1.70958714193
0.126032996923 1.80168687175
0.131381489336 1.85188005308
0.136727996171 1.90665380054
0.142072997987 1.95715240144
0.147416494787 2.06606579512
0.152757994831 2.11929036332
0.15809699893 2.0906655042
0.163434006274 2.10850764707
0.168768502772 2.17626449278
0.174100995064 2.18567424504
0.1794314906 2.21317404646
0.184759497643 2.20874120625
0.19008500129 2.22953036545
0.195408001542 2.22434785004
0.20072850585 2.22767467205
0.206046506763 2.21102019849
0.21136200428 2.20907349781
0.216674998403 2.2146102078
0.221985004842 2.21099512346
0.227292008698 2.209389525
0.232596501708 2.21836886825
0.237897999585 2.15754704364
0.243196502328 2.15631278795
0.248492009938 2.17642201396
0.253784507513 2.18314732805
0.259073987603 2.15791486207
0.264360487461 2.21039650508
0.269644007087 2.20181140384
0.274923995137 2.17186124154
0.280200988054 2.20393221243
0.285475000739 2.21206330157
0.290745005012 2.2368988583
0.296011999249 2.32587244343
0.301275491714 2.29747022933
0.306535497308 2.32211128443
0.311792507768 2.28296264769
0.317045494914 2.48049852605
0.322294995189 2.44948592158
0.327541515231 2.48198278213
0.332783997059 2.49104787114
0.338022992015 2.50571475714
0.343258500099 2.56277970017
0.348489999771 2.56768173302
0.35371799767 2.58037418676
0.358942493796 2.63794450427
0.364163503051 2.66161462596
0.369380503893 2.72790594466
0.374593496323 2.70389785007
0.379803001881 2.73520694378
0.385008499026 2.76495454169
0.39020998776 2.75519304038
0.395408004522 2.76576278906
0.400602519512 2.76314531454
0.405793011189 2.75848734118
0.410979494452 2.78747553266
0.416161999106 2.8441914394
0.421340495348 2.82656153046
0.426515489817 2.80338736974
0.431686505675 2.84232696012
0.436853513122 2.79999420448
0.442016497254 2.81808168137
0.447175994515 2.81424893781
0.452331498265 2.7617080003
0.457482993603 2.79299879569
0.46263051033 2.80718417368
0.467774003744 2.79036833088
0.472913995385 2.73666275153
0.478050008416 2.7224300139
0.483182013035 2.71384387921
0.48830999434 2.66095996186
0.493433982134 2.61069591835
0.498554497957 2.53251316587
0.503670990467 2.56846001259
0.508783489466 2.44646944995
0.513891994953 2.45477242884
0.518996477127 2.41720932745
0.524097472429 2.33732170956
0.52919498086 2.28668722935
0.534288495779 2.24041920663
0.539377987385 2.18279516525
0.544463992119 2.17110896417
0.549546003342 2.12618752072
0.554623991251 2.09436929223
0.559698492289 2.043362445
0.564769506454 2.01676166653
0.569836527109 2.010849347
0.57489952445 1.98222839642
0.579959005117 1.96283482539
0.585014998913 1.97071741862
0.590067505836 1.90100337533
0.595116525888 1.94986221029
0.600161522627 1.89630310267
0.605203002691 1.87401167402
0.610240995884 1.8937662326
0.615275502205 1.90959051369
0.620307028294 1.87076196895
0.625334501266 1.87187433213
0.630358487368 1.88928577172
0.635379493237 1.87330037566
0.640396475792 1.87437103806
0.645410478115 1.85059251441
0.650421500206 1.8260928955
0.655428528786 1.80579347634
0.660432517529 1.78094017537
0.665433496237 1.82537166295
0.670430988073 1.78983124914
0.675425499678 1.80131409834
0.68041652441 1.75986184894
0.685404539108 1.73531131692
0.690389513969 1.75980152038
0.695371001959 1.75641594178
0.700350016356 1.7350337607
0.705325990915 1.69985693394
0.710298478603 1.6787274283
0.715268492699 1.67095967718
0.720235496759 1.64209224658
0.725199520588 1.65261602133
0.730161011219 1.64739865811
0.735119491816 1.63081842294
0.74007499218 1.61708349226
0.74502748251 1.60391833112
0.749977499247 1.57141801053
0.754925012589 1.57521438727
0.759869992733 1.54187926564
0.764812499285 1.53388566612
0.769752025604 1.51822403438
0.774689018726 1.49352311684
0.779623508453 1.48003255136
0.784555494785 1.51836157277
0.789484977722 1.48518885198
0.794411987066 1.45817342281
0.799336999655 1.46892790703
0.804259479046 1.43427314109
0.809179991484 1.38290844587
0.814098507166 1.4185577152
0.819014012814 1.3921320491
0.823927491903 1.3462481847
0.828838974237 1.36006711155
0.833748012781 1.36266617209
0.838655531406 1.32178197624
0.843561023474 1.30832716932
0.848463982344 1.31784408458
0.85336497426 1.26529624737
0.858264505863 1.27596818688
0.863162010908 1.25796950785
0.868057489395 1.24658531041
0.872951507568 1.23399149988
0.877843528986 1.21816119195
0.882733494043 1.20230271568
0.887621968985 1.19844563669
0.892508983612 1.18009890277
0.897394001484 1.19348782114
0.902277499437 1.14642841654
0.907159477472 1.15428000029
0.912039965391 1.16147277232
0.916918963194 1.1139846741
0.921796470881 1.13122105853
0.92667299509 1.10151366814
0.931547999382 1.09786825339
0.936421006918 1.08209646255
0.941293001175 1.06835754826
0.946163982153 1.05133524166
0.951033502817 1.05092502383
0.955902010202 1.02527316986
0.960768997669 1.02096093839
0.965635001659 1.00904150714
0.970499992371 1.00103260507
0.975363492966 0.992797946365
0.980226516724 1.00061201471
0.9850884974 0.984789437446
0.989948987961 0.965217693051
0.994809001684 0.971608152765
0.999669492245 0.951039428698
1.00453001261 0.930238582452
1.00938498974 0.929295454134
1.01423996687 0.93414801246
1.0190950036 0.916901555266
1.02395004034 0.91110295136
1.02880501747 0.892387558352
1.0336599946 0.868510740219
1.03851497173 0.886614256219
1.04336500168 0.848015157646
1.04821503162 0.864345805132
1.05306500196 0.858139031486
1.05791497231 0.85011873916
1.06276494265 0.840200997911
1.06761497259 0.842881393732
1.07246500254 0.824530991569
1.07731503248 0.812984671107
1.08216500282 0.811561328483
1.08701497316 0.788861108713
1.09185999632 0.79979068417
1.09670501947 0.767005573553
1.10155498981 0.783519575263
1.10640496016 0.781232289837
1.11124998331 0.78594775577
1.11609500647 0.739995431043
1.12094503641 0.747211881332
1.12578999996 0.729974188768
1.13063502312 0.736266017008
1.13548004627 0.741751298522
1.14032500982 0.727005820524
1.14517498016 0.71197186668
1.15001994371 0.724584326889
1.15486496687 0.67587211562
1.15971499681 0.708449234067
1.16456001997 0.688220813478
1.16940498352 0.676919675155
1.17425501347 0.665752721624
1.17910003662 0.686378221084
1.18394500017 0.641439338528
1.18879497051 0.661043094288
1.19363999367 0.639444898281
1.19848507643 0.64989289458
1.20333504677 0.639187021925
1.20818501711 0.634222888239
1.21303498745 0.628052796382
1.2178850174 0.63503201691
1.22273504734 0.615887624029
1.22758001089 0.613221067067
1.23242497444 0.594031551667
1.23727995157 0.617072662857
1.24213498831 0.582470630453
1.24698501825 0.603295244144
1.2518350482 0.578965497456
1.25668501854 0.581866379314
1.26153498888 0.578759313162
1.26638996601 0.554329620094
1.27124500275 0.54493169503
1.27610003948 0.550625858713
1.28095501661 0.550512064889
1.28580999374 0.530460935636
1.29066497087 0.531130741256
1.29551994801 0.545275981162
1.30037999153 0.53228670336
1.30524003506 0.520584238619
1.31009501219 0.518141130736
1.31494998932 0.526551409733
1.31980997324 0.487444194167
1.32467496395 0.515201641829
1.32953995466 0.494851535235
1.33439993858 0.486221563579
1.3392599225 0.495674573132
1.34412497282 0.466729640026
1.34899002314 0.479625334151
1.35385501385 0.49035532909
1.35872000456 0.475098625721
1.36358499527 0.478240184862
1.36845499277 0.458516183977
1.37331998348 0.45700300157
1.37818497419 0.451124073532
1.38305497169 0.437787923627
1.38792997599 0.453272122921
1.39280498028 0.436761216489
1.39767497778 0.445579990698
1.40254497528 0.439841337903
1.40741997957 0.426223334392
1.41229498386 0.432243705082
1.41716998816 0.421305372841
1.42204999924 0.421110744577
1.42692500353 0.403486028443
1.43180000782 0.425004225914
1.4366800189 0.426428249456
1.44156002998 0.410454900919
1.44643998146 0.397954776627
1.45132499933 0.396721179883
1.4562100172 0.404102378738
1.46109503508 0.398357143512
1.46598005295 0.381151330858
1.47086507082 0.392631270813
1.47575002909 0.371734088482
1.48063492775 0.372395299074
1.48552495241 0.365842366398
1.49041497707 0.383029321892
1.49530500174 0.38097502996
1.5001950264 0.385278826719
1.50508999825 0.377960831452
1.5099850297 0.358071539163
1.51488000154 0.357765365642
1.51977497339 0.357049061895
1.52467000484 0.364695467497
1.52956998348 0.351838268587
1.53447002172 0.344074761902
1.53937000036 0.346744641316
1.544269979 0.331217875782
1.54917001724 0.344899462826
1.55406999588 0.325307540677
1.55897504091 0.31384216485
1.56388002634 0.3240909302
1.56878495216 0.316293780324
1.5736899972 0.310197887362
1.57859504223 0.303462802758
1.58350497484 0.312024363416
1.58841496706 0.309157953434
1.59332501888 0.302851803826
1.5982349515 0.31365373346
1.60314494371 0.297549255578
1.60806000233 0.301625660787
1.61297500134 0.303259136448
1.61789000034 0.288007790657
1.62280499935 0.295519816646
1.62771999836 0.286381776313
1.63264000416 0.281503733282
1.63756000996 0.285772020934
1.64247995615 0.267282583897
1.64739996195 0.282106653357
1.65232002735 0.287601287071
1.65723997355 0.276835649633
1.66216498613 0.268349454361
1.66709005833 0.278048452801
1.67201501131 0.279316000871
1.67693996429 0.272763906183
1.68186497688 0.256185605571
1.68679499626 0.274238272947
1.69172495604 0.265319774247
1.69665497541 0.259627590009
1.7015850544 0.256185605571
1.70651501417 0.257611707411
1.71144497395 0.249086241996
1.71638000011 0.240281797683
1.72131502628 0.251925987426
1.72624999285 0.248789768865
1.73118495941 0.249289080956
1.73611998558 0.238257519691
1.74106001854 0.249188620849
1.74599999189 0.241502192234
1.75093996525 0.239876942085
1.75587999821 0.244735209266
1.76082003117 0.241698792278
1.76576000452 0.230773259972
1.77069997787 0.233804108108
1.77564001083 0.225302140541
1.78058505058 0.219391876698
1.78553003073 0.222473519921
1.79047495127 0.233942828408
1.79542499781 0.212518136448
1.80037003756 0.211339722291
1.8053150177 0.221614078027
1.81026500463 0.22040727616
1.81521493196 0.218993113985
1.8201649785 0.20181142425
1.82511502504 0.208285886087
1.83007001877 0.196973418958
1.83502501249 0.202427214219
1.83997493982 0.194952357007
1.84492999315 0.193541389603
1.84988504648 0.18606333762
1.8548399806 0.177421468503
1.85979497433 0.189695186206
1.86474996805 0.176816622588
1.86970996857 0.185280012305
1.8746650219 0.18242252731
1.87962001562 0.176211776672
1.88458001614 0.170159227841
1.88954001665 0.170768163434
1.89449995756 0.167340703247
1.89945995808 0.176207541627
1.90442502499 0.162573041927
1.90939003229 0.159074475737
1.9143499732 0.165324550196
1.91931498051 0.165389901564
1.92427998781 0.151009863533
1.92924499512 0.148891152259
1.93421000242 0.156251861466
1.93917500973 0.147281518181
1.94414001703 0.152421170668
1.94910496473 0.150504396249
1.95407497883 0.15854895673
1.95904499292 0.156943086997
1.96401500702 0.154726075794
1.96898502111 0.152918905279
1.97395497561 0.150101978077
1.9789249897 0.139434552048
1.9838950038 0.157144296083
1.98886495829 0.147888678132
1.99383491278 0.149498350819
1.99880498648 0.141040803204
2.00378000736 0.141972180208
2.00875496864 0.143458637245
2.01372504234 0.141044186127
2.01870000362 0.13313657069
2.0236749649 0.139032143529
2.02865004539 0.129917401762
2.03362500668 0.133203609882
2.03859996796 0.127708605132
2.04357993603 0.13313657069
2.04855489731 0.131788790176
2.0535299778 0.130319001149
2.05851006508 0.132527797779
2.06349003315 0.135947900991
2.06847000122 0.134736594408
2.07344996929 0.126911482166
2.07842993736 0.12148381463
2.08340990543 0.125104198401
2.0883898735 0.123291011873
2.09336996078 0.124495810034
2.09835004807 0.122889412486
2.10333013535 0.11365262658
2.10831010342 0.126309054244
2.11329007149 0.116865421678
2.11827504635 0.112027136318
2.12326002121 0.114656625048
2.12823998928 0.119280728491
2.13321995735 0.119676617388
2.13820493221 0.105814540207
2.14318990707 0.110640631176
2.14817488194 0.1088206351
2.1531598568 0.104616640368
2.15814495087 0.105007897563
2.16313004494 0.108833433933
2.16811513901 0.100398772289
2.17310011387 0.108236216594
2.17808508873 0.0975932177735
2.18307507038 0.105413727555
2.18806004524 0.104817440061
2.1930450201 0.0975978808352
2.19803500175 0.0971924242714
2.20302498341 0.0955938175737
2.20800995827 0.0899582627346
2.21299505234 0.0891765542284
2.21798503399 0.0843710633093
2.22297501564 0.0877737769709
2.22796499729 0.0913852847245
2.23295497894 0.090779728237
2.23794496059 0.0923873163553
2.24293494225 0.0843670322026
2.2479249239 0.0761544039371
2.25291490555 0.0847678257047
2.2579048872 0.0739499343495
2.26289486885 0.0745475913999
2.2678848505 0.0737495280233
2.27287495136 0.0709370606278
2.27786517143 0.0759503686574
2.28285515308 0.0689397761957
2.28784513474 0.0653293408505
2.29283511639 0.0669357129342
2.29782509804 0.0681348953655
2.30282008648 0.0666016514234
2.30781507492 0.0619225960822
2.31280505657 0.0699418078265
2.31779503822 0.0661309278548
2.32279002666 0.0596014778504
2.32778501511 0.0629245798376
2.33277499676 0.0609235231497
2.3377699852 0.056398709136
2.34276497364 0.0593202725405
2.34775495529 0.0605198188247
2.35274994373 0.0592014679319
2.35774493217 0.0563114870521
2.36273503304 0.0525039487817
2.36773002148 0.0568014084212
2.37272500992 0.0589166448161
2.37771999836 0.0546013538696
2.3827149868 0.0589166448161
2.38770997524 0.050601254685
2.39270496368 0.0553095032967
2.39769494534 0.0579174282574
2.40268993378 0.0537987686439
2.40768492222 0.0545105207129
2.41267991066 0.0587986542056
2.4176748991 0.0515044258206
2.42266988754 0.0519988098417
2.42766988277 0.0544013489104
2.43266487122 0.0539067260392
2.43765985966 0.0472011703781
2.4426548481 0.045289665743
2.44764995575 0.0571986908259
2.45264494419 0.046694673993
2.45763993263 0.0515988189968
2.46263992786 0.053201319155
2.46763491631 0.0490972040134
2.47262990475 0.0542013439512
2.47762989998 0.0481988968148
2.48262500763 0.0470932365026
2.48762011528 0.0547987457562
2.49262011051 0.0542013439512
2.49761509895 0.0460912527473
2.50261008739 0.0494012249297
2.50761008263 0.0521988052642
2.51260507107 0.0505023941899
2.51760005951 0.0495988647721
2.52260005474 0.0438010860712
2.52760004997 0.049998855617
2.53259503841 0.0480975182761
2.53759002686 0.0457989517452
2.5425901413 0.043998992943
2.54759013653 0.0542013439512
2.55258512497 0.0511011715241
2.55758011341 0.0476011802966
2.56258010864 0.0443989837879
2.56758010387 0.0492012199704
2.57257509232 0.0390773664596
2.57757008076 0.0454011257451
2.58257007599 0.043998992943
2.58757007122 0.0454011257451
2.59257006645 0.0433990066756
2.59757006168 0.0416010315197
2.60256505013 0.0470932365026
2.60756003857 0.0434010761528
2.6125600338 0.0457989517452
2.61756002903 0.0334008281913
2.62256002426 0.0433990066756
2.6275550127 0.0499011752114
2.63255000114 0.0433990066756
2.63754999638 0.0440010910305
2.64254999161 0.0425990249857
2.64755010605 0.0431990112531
2.65255010128 0.043601081112
2.65755009651 0.0393990982262
2.66254508495 0.0432877664485
2.66754007339 0.040999061606
2.67254006863 0.0372009224167
2.67754006386 0.037599139424
2.68254005909 0.048801210052
2.68754005432 0.0389991073813
2.69254004955 0.0332008232321
2.69754004478 0.0417990432958
2.70254004002 0.0400009918459
2.70753502846 0.0396785567129
2.7125300169 0.0444011009489
2.71753001213 0.0397990890711
2.72253000736 0.0386009571313
2.72753000259 0.0379991302689
2.73252999783 0.0374009273759
2.73752999306 0.0419990387183
2.74252998829 0.0406010067236
2.74752998352 0.0395990936487
2.75252997875 0.036600907539
2.75752496719 0.0396785567129
2.76252007484 0.0321992630174
2.76752007008 0.046201145582
2.77252006531 0.0349991989319
2.77752006054 0.0374009273759
2.78252005577 0.0389991073813
2.787520051 0.0374009273759
2.79252004623 0.0383991211139
2.79752004147 0.0350008678651
2.8025200367 0.0361991714667
2.80752003193 0.0334008281913
2.81252002716 0.0317992721724
2.81752002239 0.0432010711936
2.82252001762 0.0397990890711
2.82752001286 0.0338008381098
2.83252000809 0.0371991485791
2.83751499653 0.0358727323809
2.84250998497 0.0309992904825
2.8475099802 0.0326008083544
2.85250997543 0.0357991806218
2.85750997066 0.0338008381098
2.8625099659 0.0393990982262
2.86750996113 0.0332008232321
2.87250995636 0.0357991806218
2.8775100708 0.0329992447072
2.88251006603 0.0316007835582
2.88751006126 0.0355991851993
2.8925100565 0.0312007736398
2.89751005173 0.0303993042151
2.90251004696 0.0344008529875
2.90751004219 0.0327992492848
2.91251003742 0.0348008629059
2.91751003265 0.0257994094984
2.92251002789 0.0330008182729
2.92751002312 0.0351991943544
2.93251001835 0.031400778599
2.93751001358 0.0309992904825
2.94251000881 0.0308007637213
2.94751000404 0.0299993133702
2.95250999928 0.0304007538029
2.95750999451 0.0343992126645
2.96250998974 0.0372009224167
2.96750998497 0.0321992630174
2.9725099802 0.0272006744552
2.97750997543 0.0267993866107
2.98250997066 0.0274006794144
2.9875099659 0.0285993454129
2.99250996113 0.0304007538029
2.99750995636 0.0325992538623
3.0025100708 0.0305992996376
3.00751006603 0.0308007637213
3.01250505447 0.0322638769231
3.01750004292 0.031400778599
3.02250003815 0.0291993316803
3.02750003338 0.0308007637213
3.03250002861 0.0299993133702
3.03750002384 0.0284007042106
3.04250001907 0.0313992813275
3.04750001431 0.0312007736398
3.05250000954 0.0271993774557
3.05750000477 0.0302007488436
3.0625 0.0293993271028
3.06749999523 0.0290007190883
3.07249999046 0.0299993133702
3.07749998569 0.0268006645367
3.08249998093 0.0265993911883
3.08749997616 0.0308007637213
3.09249997139 0.028199354568
3.09749996662 0.0290007190883
3.10249996185 0.0267993866107
3.10749995708 0.0280006942921
3.11249995232 0.0303993042151
3.11749994755 0.0260006446998
3.12249994278 0.0291993316803
3.12750005722 0.03159927675
3.13250005245 0.0268006645367
3.13750004768 0.024799432386
3.14250004292 0.0278006893329
3.14750003815 0.028199354568
3.15250003338 0.029600733966
3.15750002861 0.0271993774557
3.16250002384 0.0246006099852
3.16750001907 0.0309992904825
3.17250001431 0.0292007240475
3.17750000954 0.0235994598512
3.18250000477 0.0224005554337
3.1875 0.0259994049208
3.19249999523 0.0332008232321
3.19749999046 0.0237994552737
3.20249998569 0.0250006199037
3.20749998093 0.0233994644288
3.21249997616 0.0256006347814
3.21749997139 0.0241994461186
3.22249996662 0.0232005752706
3.22749996185 0.0285993454129
3.23249995708 0.0228005653522
3.23749995232 0.0237994552737
3.24249994755 0.0248006149444
3.24749994278 0.0223994873164
3.25250005722 0.0275993683006
3.25750005245 0.0254006298221
3.26250004768 0.0253994186534
3.26750004292 0.0216005355968
3.27250003815 0.0249994278085
3.27750003338 0.0250006199037
3.28250002861 0.0239994506962
3.28750002384 0.0256006347814
3.29250001907 0.0229994735838
3.29750001431 0.019200476086
3.30250000954 0.0209995193591
3.30750000477 0.0210005207191
3.3125 0.0243994415411
3.31749999523 0.0266006595775
3.32249999046 0.0257994094984
3.32749998569 0.0206005108006
3.33249998093 0.0245994369636
3.33749997616 0.021800540556
3.34249997139 0.0291993316803
3.34749996662 0.0238005901483
3.35249996185 0.0245994369636
3.35749995708 0.0236005851891
3.36249995232 0.0223994873164
3.36749994755 0.0262006496591
3.37249994278 0.0229994735838
3.37750005722 0.0197995468243
3.38250005245 0.0226005603929
3.38750004768 0.0237994552737
3.39250004292 0.0216005355968
3.39750003815 0.0239994506962
3.40250003338 0.0212005256783
3.40750002861 0.0227994781614
3.41250002384 0.0220005455152
3.41750001907 0.0199995422468
3.42250001431 0.0222005504745
3.42750000954 0.0207995239367
3.43250000477 0.024400605026
3.4375 0.0205995285142
3.44249999523 0.0214005306375
3.44749999046 0.0193995559794
3.45249998569 0.0242006000668
3.45749998093 0.0227994781614
3.46249997616 0.0208005157599
3.46749997139 0.0197995468243
3.47249996662 0.0208005157599
3.47749996185 0.0213995102041
3.48249995708 0.0172004264937
3.48749995232 0.0169996109098
3.49249994755 0.0196004860045
3.49749994278 0.0191995605569
3.50250005722 0.0195995514019
3.50750005245 0.0154003818607
3.51250004768 0.0205995285142
3.51750004292 0.0204005058414
3.52250003815 0.0193995559794
3.52750003338 0.0180004463306
3.53250002861 0.0227994781614
3.53750002384 0.0198004909637
3.54250001907 0.0173996017547
3.54750001431 0.0164004066568
3.55250000954 0.0175995971772
3.55750000477 0.0180004463306
3.5625 0.0163996246424
3.56749999523 0.0168004165753
3.57249999046 0.0185995742895
3.57749998569 0.0184004562491
3.58249998093 0.0193995559794
3.58749997616 0.0194004810453
3.59249997139 0.0161996292199
3.59749996662 0.0214005306375
3.60249996185 0.0169996109098
3.60749995708 0.0208005157599
3.61249995232 0.0171996063323
3.61749994755 0.017400431453
3.62249994278 0.0197995468243
3.62750005722 0.0155996429525
3.63250005245 0.0196004860045
3.63750004768 0.0175995971772
3.64250004292 0.0204005058414
3.64750003815 0.0155996429525
3.65250003338 0.0188004661676
3.65750002861 0.021799501049
3.66250002384 0.0200004959229
3.66750001907 0.0203995330917
3.67250001431 0.0176004364122
3.67750000954 0.015799638375
3.68250000477 0.0170004215345
3.6875 0.0193995559794
3.69249999523 0.0154003818607
3.69749999046 0.0201995376693
3.70249998569 0.0186004612083
3.70749998093 0.0171996063323
3.71249997616 0.0162004016976
3.71749997139 0.0151996521076
3.72249996662 0.0180004463306
3.72749996185 0.015799638375
3.73249995708 0.0168004165753
3.73749995232 0.0201995376693
3.74249994755 0.016600411616
3.74749994278 0.0161996292199
3.75250005722 0.0183995788671
3.75750005245 0.016600411616
3.76250004768 0.0175995971772
3.76750004292 0.0158003917791
3.77250003815 0.0181995834446
3.77750003338 0.016600411616
3.78250002861 0.0159996337974
3.78750002384 0.0146003620237
3.79250001907 0.0145996658402
3.79750001431 0.0158003917791
3.80250000954 0.0145996658402
3.80750000477 0.017400431453
3.8125 0.015799638375
3.81749999523 0.0150003719422
3.82249999046 0.0145996658402
3.82749998569 0.0158003917791
3.83249998093 0.01539964753
3.83749997616 0.0170004215345
3.84249997139 0.0161996292199
3.84749996662 0.0172004264937
3.85249996185 0.0199995422468
3.85749995708 0.014800366983
3.86249995232 0.0171996063323
3.86749994755 0.014800366983
3.87249994278 0.0139996795728
3.87750005722 0.0149996566851
3.88250005245 0.0164004066568
3.88750004768 0.0143996704177
3.89250004292 0.0142003521053
3.89750003815 0.0131996978829
3.90250003338 0.0154003818607
3.90750002861 0.0143996704177
3.91250002384 0.0170004215345
3.91750001907 0.0131996978829
3.92250001431 0.0152003769014
3.92750000954 0.0143996704177
3.93250000477 0.0134003322684
3.9375 0.0145996658402
3.94249999523 0.0118002925945
3.94749999046 0.0159996337974
3.95249998569 0.0154003818607
3.95749998093 0.0141996749952
3.96249997616 0.0144003570645
3.96749997139 0.0145996658402
3.97249996662 0.0132003273091
3.97749996185 0.018799569712
3.98249995708 0.0156003868199
3.98749995232 0.012399716193
3.99249994755 0.0142003521053
3.99749994278 0.0163996246424
4.00250005722 0.0129997024604
4.00750017166 0.012799707038
4.01250004768 0.0136009857892
4.01749992371 0.0109997482357
4.02250003815 0.0145996658402
4.02750015259 0.0177995925997
4.03250002861 0.012000869814
4.03749990463 0.0145996658402
4.04250001907 0.0125997116155
4.04750013351 0.0137996841503
4.05250000954 0.0138010002861
4.05749988556 0.0115997345031
4.0625 0.0145996658402
4.06750011444 0.0135996887278
4.07249999046 0.0114008263233
4.07749986649 0.0167996154873
4.08249998093 0.0135996887278
4.08750009537 0.0105997573908
4.09249997139 0.0168012177396
4.09749984741 0.0147996612626
4.10249996185 0.0147996612626
4.10750007629 0.0135996887278
4.11249995232 0.0142010292799
4.11749982834 0.0151996521076
4.12249994278 0.0141996749952
4.12750005722 0.0159996337974
4.13250017166 0.0133996933054
4.13750004768 0.0182013192179
4.14249992371 0.0141996749952
4.14750003815 0.012799707038
4.15250015259 0.0107997528133
4.15750002861 0.0166012032427
4.16249990463 0.0131996978829
4.16750001907 0.0133996933054
4.17250013351 0.0135996887278
4.17750000954 0.014001014783
4.18249988556 0.0109997482357
4.1875 0.012399716193
4.19250011444 0.012399716193
4.19749999046 0.0134009712923
4.20249986649 0.00919978943353
4.20749998093 0.0109997482357
4.21250009537 0.0113997390807
4.21749997139 0.0124008988078
4.22249984741 0.0105997573908
4.22749996185 0.0105997573908
4.23250007629 0.0111997436582
4.23749995232 0.0136009857892
4.24249982834 0.0125997116155
4.24749994278 0.0113997390807
4.25250005722 0.0139996795728
4.25750017166 0.0119997253481
4.26250004768 0.0132009567954
4.26749992371 0.0121997207706
4.27250003815 0.0107997528133
4.27750015259 0.0105997573908
4.28250002861 0.0128009278016
4.28749990463 0.00979977570093
4.29250001907 0.0117997299256
4.29750013351 0.0109997482357
4.30250000954 0.012000869814
4.30749988556 0.0129997024604
4.3125 0.0117997299256
4.31750011444 0.00899979401106
4.32249999046 0.0118008553171
4.32749986649 0.0129997024604
4.33249998093 0.00879979858859
4.33750009537 0.0135996887278
4.34249997139 0.0142010292799
4.34749984741 0.0111997436582
4.35249996185 0.0107997528133
4.35750007629 0.00979977570093
4.36249995232 0.0106007683357
4.36749982834 0.0115997345031
4.37249994278 0.0113997390807
4.37750005722 0.0107997528133
4.38250017166 0.009399784856
4.38750004768 0.0102007393419
4.39249992371 0.00739983063132
4.39750003815 0.0125997116155
4.40250015259 0.0119997253481
4.40750002861 0.0124008988078
4.41249990463 0.0113997390807
4.41750001907 0.0113997390807
4.42250013351 0.0125997116155
4.42750000954 0.0116008408202
4.43249988556 0.00859980316613
4.4375 0.0129997024604
4.44250011444 0.00959978027847
4.44749999046 0.00840060886981
4.45249986649 0.0119997253481
4.45749998093 0.0111997436582
4.46250009537 0.00899979401106
4.46749997139 0.0106007683357
4.47249984741 0.0105997573908
4.47749996185 0.0107997528133
4.48250007629 0.00859980316613
4.48749995232 0.00820059437291
4.49249982834 0.00819981232119
4.49749994278 0.0109997482357
4.50250005722 0.0107997528133
4.50750017166 0.0109997482357
4.51250004768 0.0110007973295
4.51749992371 0.00679984436391
4.52250003815 0.0105997573908
4.52750015259 0.00899979401106
4.53250002861 0.00940068135432
4.53749990463 0.0141996749952
4.54250001907 0.00919978943353
4.54750013351 0.0119997253481
4.55250000954 0.00980071034812
4.55749988556 0.00839980774366
4.5625 0.00859980316613
4.56750011444 0.00919978943353
4.57249999046 0.00820059437291
4.57749986649 0.0101997665459
4.58249998093 0.00919978943353
4.58750009537 0.00859980316613
4.59249997139 0.00940068135432
4.59749984741 0.00879979858859
4.60249996185 0.00959978027847
4.60750007629 0.00779982147625
4.61249995232 0.00960069585122
4.61749982834 0.00859980316613
4.62249994278 0.0105997573908
4.62750005722 0.00879979858859
4.63250017166 0.0049998855617
4.63750004768 0.0110007973295
4.64249992371 0.0111997436582
4.64750003815 0.00799981689872
4.65250015259 0.00659984894145
4.65750002861 0.0110007973295
4.66249990463 0.00839980774366
4.66750001907 0.0103997619683
4.67250013351 0.00899979401106
4.67750000954 0.00820059437291
4.68249988556 0.00859980316613
4.6875 0.0107997528133
4.69250011444 0.00679984436391
4.69749999046 0.010000724845
4.70249986649 0.00759982605379
4.70749998093 0.00779982147625
4.71250009537 0.00859980316613
4.71749997139 0.0116008408202
4.72249984741 0.00719983520885
4.72749996185 0.00659984894145
4.73250007629 0.012799707038
4.73749995232 0.00880063786361
4.74249982834 0.00819981232119
4.74749994278 0.00979977570093
4.75250005722 0.00739983063132
4.75750017166 0.00799981689872
4.76250004768 0.00780056537911
4.76749992371 0.0103997619683
4.77250003815 0.0109997482357
4.77750015259 0.00959978027847
4.78250002861 0.00760055088221
4.78749990463 0.00779982147625
4.79250001907 0.00679984436391
4.79750013351 0.00719983520885
4.80250000954 0.00900065236052
4.80749988556 0.00919978943353
4.8125 0.0113997390807
4.81750011444 0.00779982147625
4.82249999046 0.00860062336671
4.82749986649 0.00959978027847
4.83249998093 0.00959978027847
4.83750009537 0.00779982147625
4.84249997139 0.00720052188841
4.84749984741 0.00799981689872
4.85249996185 0.00739983063132
4.85750007629 0.00779982147625
4.86249995232 0.00740053638531
4.86749982834 0.0101997665459
4.87249994278 0.0105997573908
4.87750005722 0.00739983063132
4.88250017166 0.00799981689872
4.88750004768 0.00800057987601
4.89249992371 0.00899979401106
4.89750003815 0.0105997573908
4.90250015259 0.00819981232119
4.90750002861 0.00760055088221
4.91249990463 0.00739983063132
4.91750001907 0.00839980774366
4.92250013351 0.00519988098417
4.92750000954 0.00760055088221
4.93249988556 0.009399784856
4.9375 0.00759982605379
4.94250011444 0.00759982605379
4.94749999046 0.00800057987601
4.95249986649 0.009399784856
4.95749998093 0.00679984436391
4.96250009537 0.00579986725157
4.96749997139 0.00820059437291
4.97249984741 0.00979977570093
4.97749996185 0.00739983063132
4.98250007629 0.00779982147625
4.98749995232 0.00800057987601
4.99249982834 0.00839980774366
4.99749994278 0.00859980316613
5.00250005722 0.00839980774366
5.00750017166 0.00599986267404
5.01250004768 0.00580042041011
5.01749992371 0.00759982605379
5.02250003815 0.00699983978638
5.02750015259 0.00679984436391
5.03250002861 0.00640046390081
5.03749990463 0.00699983978638
5.04250001907 0.00719983520885
5.04750013351 0.00719983520885
5.05250000954 0.00640046390081
5.05749988556 0.00539987640664
5.0625 0.00799981689872
5.06750011444 0.00659984894145
5.07249999046 0.00620044940391
5.07749986649 0.00579986725157
5.08249998093 0.00699983978638
5.08750009537 0.00699983978638
5.09249997139 0.010000724845
5.09749984741 0.00759982605379
5.10249996185 0.00579986725157
5.10750007629 0.00839980774366
5.11249995232 0.00820059437291
5.11749982834 0.00919978943353
5.12249994278 0.00459989471677
5.12750005722 0.00719983520885
5.13250017166 0.00859980316613
5.13750004768 0.00760055088221
5.14249992371 0.0049998855617
5.14750003815 0.00619985809651
5.15250015259 0.00779982147625
5.15750002861 0.00580042041011
5.16249990463 0.00679984436391
5.16750001907 0.00779982147625
5.17250013351 0.00779982147625
5.17750000954 0.00660047839771
5.18249988556 0.00619985809651
5.1875 0.00779982147625
5.19250011444 0.00879979858859
5.19749999046 0.00880063786361
5.20249986649 0.00619985809651
5.20749998093 0.00599986267404
5.21250009537 0.00779982147625
5.21749997139 0.00740053638531
5.22249984741 0.00739983063132
5.22749996185 0.00879979858859
5.23250007629 0.00699983978638
5.23749995232 0.00480034792561
5.24249982834 0.00799981689872
5.24749994278 0.0049998855617
5.25250005722 0.00599986267404
5.25750017166 0.00579986725157
5.26250004768 0.00600043490701
5.26749992371 0.00719983520885
5.27250003815 0.00599986267404
5.27750015259 0.00559987182911
5.28250002861 0.00680049289461
5.28749990463 0.00559987182911
5.29250001907 0.00639985351898
5.29750013351 0.00639985351898
5.30250000954 0.00660047839771
5.30749988556 0.00719983520885
5.3125 0.00419990387183
5.31750011444 0.00719983520885
5.32249999046 0.00720052188841
5.32749986649 0.0043998992943
5.33249998093 0.0049998855617
5.33750009537 0.00539987640664
5.34249997139 0.00720052188841
5.34749984741 0.00659984894145
5.35249996185 0.00539987640664
5.35750007629 0.00719983520885
5.36249995232 0.00720052188841
5.36749982834 0.00559987182911
5.37249994278 0.00459989471677
5.37750005722 0.00539987640664
5.38250017166 0.00559987182911
5.38750004768 0.00580042041011
5.39249992371 0.00619985809651
5.39750003815 0.00579986725157
5.40250015259 0.00579986725157
5.40750002861 0.00600043490701
5.41249990463 0.00659984894145
5.41750001907 0.00619985809651
5.42250013351 0.00619985809651
5.42750000954 0.00480034792561
5.43249988556 0.00659984894145
5.4375 0.00579986725157
5.44250011444 0.00659984894145
5.44749999046 0.00780056537911
5.45249986649 0.00479989013923
5.45749998093 0.00699983978638
5.46250009537 0.0049998855617
5.46749997139 0.00580042041011
5.47249984741 0.00519988098417
5.47749996185 0.00599986267404
5.48250007629 0.0049998855617
5.48749995232 0.00340024644731
5.49249982834 0.00639985351898
5.49749994278 0.00559987182911
5.50250005722 0.00579986725157
5.50750017166 0.0049998855617
5.51250004768 0.00460033342871
5.51749992371 0.00699983978638
5.52250003815 0.00739983063132
5.52750015259 0.00519988098417
5.53250002861 0.00600043490701
5.53749990463 0.00519988098417
5.54250001907 0.00539987640664
5.54750013351 0.00539987640664
5.55250000954 0.00500036242251
5.55749988556 0.00459989471677
5.5625 0.00479989013923
5.56750011444 0.00539987640664
5.57249999046 0.00500036242251
5.57749986649 0.00479989013923
5.58249998093 0.0043998992943
5.58750009537 0.00539987640664
5.59249997139 0.00720052188841
5.59749984741 0.00579986725157
5.60249996185 0.00679984436391
5.60750007629 0.00659984894145
5.61249995232 0.00700050739151
5.61749982834 0.00359991760442
5.62249994278 0.00599986267404
5.62750005722 0.00379991302689
5.63250017166 0.00479989013923
5.63750004768 0.00500036242251
5.64249992371 0.00699983978638
5.64750003815 0.00459989471677
5.65250015259 0.00679984436391
5.65750002861 0.00420030443491
5.66249990463 0.00579986725157
5.66750001907 0.00539987640664
5.67250013351 0.00579986725157
5.67750000954 0.00780056537911
5.68249988556 0.00379991302689
5.6875 0.00619985809651
5.69250011444 0.00559987182911
5.69749999046 0.00500036242251
5.70249986649 0.00639985351898
5.70749998093 0.00459989471677
5.71250009537 0.00639985351898
5.71749997139 0.00620044940391
5.72249984741 0.00479989013923
5.72749996185 0.0043998992943
5.73250007629 0.00519988098417
5.73749995232 0.00500036242251
5.74249982834 0.00539987640664
5.74749994278 0.00559987182911
5.75250005722 0.00399990844936
5.75750017166 0.00459989471677
5.76250004768 0.00500036242251
5.76749992371 0.00579986725157
5.77250003815 0.00459989471677
5.77750015259 0.00539987640664
5.78250002861 0.00460033342871
5.78749990463 0.0043998992943
5.79250001907 0.00639985351898
5.79750013351 0.00479989013923
5.80250000954 0.00480034792561
5.80749988556 0.00459989471677
5.8125 0.00479989013923
5.81750011444 0.00659984894145
5.82249999046 0.00440031893181
5.82749986649 0.00639985351898
5.83249998093 0.00679984436391
5.83750009537 0.00619985809651
5.84249997139 0.00540039141631
5.84749984741 0.00419990387183
5.85249996185 0.00379991302689
5.85750007629 0.00559987182911
5.86249995232 0.00400028993801
5.86749982834 0.00339992218196
5.87249994278 0.00379991302689
5.87750005722 0.0049998855617
5.88250017166 0.0049998855617
5.88750004768 0.00380027544111
5.89249992371 0.00459989471677
5.89750003815 0.00319992675949
5.90250015259 0.00459989471677
5.90750002861 0.00760055088221
5.91249990463 0.00539987640664
5.91750001907 0.00679984436391
5.92250013351 0.00399990844936
5.92750000954 0.00500036242251
5.93249988556 0.00319992675949
5.9375 0.00299993133702
5.94250011444 0.00379991302689
5.94749999046 0.00540039141631
5.95249986649 0.0049998855617
5.95749998093 0.00359991760442
5.96250009537 0.00479989013923
5.96749997139 0.0026001884597
5.97249984741 0.00519988098417
5.97749996185 0.00479989013923
5.98250007629 0.0049998855617
5.98749995232 0.00440031893181
5.99249982834 0.00399990844936
5.99749994278 0.00379991302689
6.00250005722 0.00399990844936
6.00750017166 0.00539987640664
6.01250004768 0.00440031893181
6.01749992371 0.00519988098417
6.02250003815 0.0049998855617
6.02750015259 0.00519988098417
6.03250002861 0.00320023195041
6.03749990463 0.00379991302689
6.04250001907 0.00319992675949
6.04750013351 0.00399990844936
6.05250000954 0.00400028993801
6.05749988556 0.00559987182911
6.0625 0.0043998992943
6.06750011444 0.00479989013923
6.07249999046 0.00420030443491
6.07749986649 0.0043998992943
6.08249998093 0.00339992218196
6.08750009537 0.00459989471677
6.09249997139 0.00500036242251
6.09749984741 0.00279993591455
6.10249996185 0.00359991760442
6.10750007629 0.00219994964715
6.11249995232 0.00300021745351
6.11749982834 0.0043998992943
6.12249994278 0.00339992218196
6.12750005722 0.00639985351898
6.13250017166 0.00339992218196
6.13750004768 0.00320023195041
6.14249992371 0.00419990387183
6.14750003815 0.00519988098417
6.15250015259 0.0049998855617
6.15750002861 0.00380027544111
6.16249990463 0.00459989471677
6.16750001907 0.00319992675949
6.17250013351 0.00339992218196
6.17750000954 0.00420030443491
6.18249988556 0.00299993133702
6.1875 0.00259994049208
6.19250011444 0.00319992675949
6.19749999046 0.00500036242251
6.20249986649 0.00299993133702
6.20749998093 0.00279993591455
6.21250009537 0.00459989471677
6.21749997139 0.00400028993801
6.22249984741 0.00359991760442
6.22749996185 0.00359991760442
6.23250007629 0.00279993591455
6.23749995232 0.00520037691941
6.24249982834 0.00359991760442
6.24749994278 0.00319992675949
6.25250005722 0.00299993133702
6.25750017166 0.00399990844936
6.26250004768 0.00520037691941
6.26749992371 0.00379991302689
6.27250003815 0.00559987182911
6.27750015259 0.00319992675949
6.28250002861 0.00300021745351
6.28749990463 0.00479989013923
6.29250001907 0.00379991302689
6.29750013351 0.00379991302689
6.30250000954 0.00520037691941
6.30749988556 0.00379991302689
6.3125 0.00279993591455
6.31750011444 0.00359991760442
6.32249999046 0.00380027544111
6.32749986649 0.00379991302689
6.33249998093 0.00219994964715
6.33750009537 0.00399990844936
6.34249997139 0.00320023195041
6.34749984741 0.00199995422468
6.35249996185 0.0043998992943
6.35750007629 0.00419990387183
6.36249995232 0.00520037691941
6.36749982834 0.00319992675949
6.37249994278 0.00339992218196
6.37750005722 0.00419990387183
6.38250017166 0.00419990387183
6.38750004768 0.00500036242251
6.39249992371 0.00259994049208
6.39750003815 0.00299993133702
6.40250015259 0.00459989471677
6.40750002861 0.00300021745351
6.41249990463 0.00399990844936
6.41750001907 0.00219994964715
6.42250013351 0.00339992218196
6.42750000954 0.00300021745351
6.43249988556 0.00239994506962
6.4375 0.00319992675949
6.44250011444 0.00299993133702
6.44749999046 0.0026001884597
6.45249986649 0.00359991760442
6.45749998093 0.00299993133702
6.46250009537 0.00319992675949
6.46749997139 0.00320023195041
6.47249984741 0.00319992675949
6.47749996185 0.00359991760442
6.48250007629 0.00379991302689
6.48749995232 0.00420030443491
6.49249982834 0.00279993591455
6.49749994278 0.00279993591455
6.50250005722 0.00319992675949
6.50750017166 0.00419990387183
6.51250004768 0.00360026094421
6.51749992371 0.00399990844936
6.52250003815 0.00519988098417
6.52750015259 0.00319992675949
6.53250002861 0.00500036242251
6.53749990463 0.00359991760442
6.54250001907 0.00339992218196
6.54750013351 0.00379991302689
6.55250000954 0.00320023195041
6.55749988556 0.00339992218196
6.5625 0.00239994506962
6.56750011444 0.00299993133702
6.57249999046 0.00400028993801
6.57749986649 0.00219994964715
6.58249998093 0.00399990844936
6.58750009537 0.00259994049208
6.59249997139 0.00300021745351
6.59749984741 0.00319992675949
6.60249996185 0.00239994506962
6.60750007629 0.00259994049208
6.61249995232 0.00300021745351
6.61749982834 0.00199995422468
6.62249994278 0.00299993133702
6.62750005722 0.00259994049208
6.63250017166 0.00299993133702
6.63750004768 0.0026001884597
6.64249992371 0.00339992218196
6.64750003815 0.00359991760442
6.65250015259 0.00339992218196
6.65750002861 0.0028002029566
6.66249990463 0.00279993591455
6.66750001907 0.00339992218196
6.67250013351 0.00239994506962
6.67750000954 0.00380027544111
6.68249988556 0.00279993591455
6.6875 0.00339992218196
6.69250011444 0.00319992675949
6.69749999046 0.0026001884597
6.70249986649 0.00319992675949
6.70749998093 0.00419990387183
6.71250009537 0.00199995422468
6.71749997139 0.0022001594659
6.72249984741 0.00399990844936
6.72749996185 0.00399990844936
6.73250007629 0.00279993591455
6.73749995232 0.0024001739628
6.74249982834 0.00379991302689
6.74749994278 0.00379991302689
6.75250005722 0.00339992218196
6.75750017166 0.00299993133702
6.76250004768 0.002000144969
6.76749992371 0.00299993133702
6.77250003815 0.00339992218196
6.77750015259 0.00459989471677
6.78250002861 0.00400028993801
6.78749990463 0.00259994049208
6.79250001907 0.00359991760442
6.79750013351 0.00399990844936
6.80250000954 0.0028002029566
6.80749988556 0.00379991302689
6.8125 0.00399990844936
6.81750011444 0.00259994049208
6.82249999046 0.00440031893181
6.82749986649 0.00279993591455
6.83249998093 0.00279993591455
6.83750009537 0.00279993591455
6.84249997139 0.0026001884597
6.84749984741 0.00179995880221
6.85249996185 0.00239994506962
6.85750007629 0.00319992675949
6.86249995232 0.0028002029566
6.86749982834 0.00319992675949
6.87249994278 0.00379991302689
6.87750005722 0.00419990387183
6.88250017166 0.00279993591455
6.88750004768 0.0024001739628
6.89249992371 0.00139996795728
6.89750003815 0.00159996337974
6.90250015259 0.00399990844936
6.90750002861 0.00320023195041
6.91249990463 0.00199995422468
6.91750001907 0.00279993591455
6.92250013351 0.00219994964715
6.92750000954 0.002000144969
6.93249988556 0.0049998855617
6.9375 0.00279993591455
6.94250011444 0.00259994049208
6.94749999046 0.0024001739628
6.95249986649 0.00199995422468
6.95749998093 0.00279993591455
6.96250009537 0.00179995880221
6.96749997139 0.0024001739628
6.97249984741 0.00319992675949
6.97749996185 0.00339992218196
6.98250007629 0.00139996795728
6.98749995232 0.00300021745351
6.99249982834 0.00279993591455
6.99749994278 0.00279993591455
7.00250005722 0.00319992675949
7.00750017166 0.00319992675949
7.01250004768 0.0026001884597
7.01749992371 0.00319992675949
7.02250003815 0.00139996795728
7.02750015259 0.00339992218196
7.03250002861 0.0018001304721
7.03749990463 0.00259994049208
7.04250001907 0.00379991302689
7.04750013351 0.00119997253481
7.05250000954 0.00300021745351
7.05749988556 0.00159996337974
7.0625 0.00299993133702
7.06750011444 0.00199995422468
7.07249999046 0.002000144969
7.07749986649 0.00279993591455
7.08249998093 0.00199995422468
7.08750009537 0.00139996795728
7.09249997139 0.0022001594659
7.09749984741 0.00239994506962
7.10249996185 0.00319992675949
7.10750007629 0.00199995422468
7.11249995232 0.0016001159752
7.11749982834 0.00179995880221
7.12249994278 0.00299993133702
7.12750005722 0.00239994506962
7.13250017166 0.00259994049208
7.13750004768 0.00300021745351
7.14249992371 0.00279993591455
7.14750003815 0.00259994049208
7.15250015259 0.00219994964715
7.15750002861 0.0026001884597
7.16249990463 0.00219994964715
7.16750001907 0.00359991760442
7.17250013351 0.00199995422468
7.17750000954 0.0026001884597
7.18249988556 0.00279993591455
7.1875 0.00139996795728
7.19250011444 0.00119997253481
7.19749999046 0.00340024644731
7.20249986649 0.00119997253481
7.20749998093 0.00239994506962
7.21250009537 0.00179995880221
7.21749997139 0.0024001739628
7.22249984741 0.00239994506962
7.22749996185 0.00159996337974
7.23250007629 0.00339992218196
7.23749995232 0.0024001739628
7.24249982834 0.00159996337974
7.24749994278 0.00259994049208
7.25250005722 0.00339992218196
7.25750017166 0.00119997253481
7.26250004768 0.0012000869814
7.26749992371 0.00219994964715
7.27250003815 0.00259994049208
7.27750015259 0.00199995422468
7.28250002861 0.0018001304721
7.28749990463 0.00239994506962
7.29250001907 0.00239994506962
7.29750013351 0.00299993133702
7.30250000954 0.00320023195041
7.30749988556 0.00219994964715
7.3125 0.00159996337974
7.31750011444 0.00299993133702
7.32249999046 0.0022001594659
7.32749986649 0.00139996795728
7.33249998093 0.00179995880221
7.33750009537 0.00199995422468
7.34249997139 0.0014001014783
7.34749984741 0.00159996337974
7.35249996185 0.00239994506962
7.35750007629 0.00159996337974
7.36249995232 0.0018001304721
7.36749982834 0.00299993133702
7.37249994278 0.00199995422468
7.37750005722 0.00199995422468
7.38250017166 0.00199995422468
7.38750004768 0.0014001014783
7.39249992371 0.00159996337974
7.39750003815 0.00239994506962
7.40250015259 0.00199995422468
7.40750002861 0.0016001159752
7.41249990463 0.00159996337974
7.41750001907 0.00219994964715
7.42250013351 0.00159996337974
7.42750000954 0.0016001159752
7.43249988556 0.00299993133702
7.4375 0.00179995880221
7.44250011444 0.00239994506962
7.44749999046 0.0026001884597
7.45249986649 0.00139996795728
7.45749998093 0.00179995880221
7.46250009537 0.00159996337974
7.46749997139 0.0022001594659
7.47249984741 0.00119997253481
7.47749996185 0.00179995880221
7.48250007629 0.00239994506962
7.48749995232 0.002000144969
7.49249982834 0.00179995880221
7.49749994278 0.00119997253481
7.50250005722 0.00239994506962
7.50750017166 0.00179995880221
7.51250004768 0.0024001739628
7.51749992371 0.00339992218196
7.52250003815 0.00219994964715
7.52750015259 0.00179995880221
7.53250002861 0.0016001159752
7.53749990463 0.00219994964715
7.54250001907 0.00259994049208
7.54750013351 0.00159996337974
7.55250000954 0.0024001739628
7.55749988556 0.00199995422468
7.5625 0.00199995422468
7.56750011444 0.00199995422468
7.57249999046 0.0018001304721
7.57749986649 0.00099997711234
7.58249998093 0.00219994964715
7.58750009537 0.00219994964715
7.59249997139 0.0018001304721
7.59749984741 0.00179995880221
7.60249996185 0.00119997253481
7.60750007629 0.00139996795728
7.61249995232 0.0022001594659
7.61749982834 0.00319992675949
7.62249994278 0.00179995880221
7.62750005722 0.00179995880221
7.63250017166 0.00199995422468
7.63750004768 0.0010000724845
7.64249992371 0.00179995880221
7.64750003815 0.00259994049208
7.65250015259 0.00159996337974
7.65750002861 0.0012000869814
7.66249990463 0.00099997711234
7.66750001907 0.00139996795728
7.67250013351 0.00239994506962
7.67750000954 0.0016001159752
7.68249988556 0.00179995880221
7.6875 0.00159996337974
7.69250011444 0.00259994049208
7.69749999046 0.000800057987601
7.70249986649 0.00099997711234
7.70749998093 0.00199995422468
7.71250009537 0.00259994049208
7.71749997139 0.0016001159752
7.72249984741 0.00159996337974
7.72749996185 0.00199995422468
7.73250007629 0.000799981689872
7.73749995232 0.0012000869814
7.74249982834 0.000599986267404
7.74749994278 0.00139996795728
7.75250005722 0.00139996795728
7.75750017166 0.00159996337974
7.76250004768 0.0016001159752
7.76749992371 0.00199995422468
7.77250003815 0.00139996795728
7.77750015259 0.00139996795728
7.78250002861 0.0018001304721
7.78749990463 0.000799981689872
7.79250001907 0.00139996795728
7.79750013351 0.00119997253481
7.80250000954 0.0010000724845
7.80749988556 0.00099997711234
7.8125 0.00139996795728
7.81750011444 0.000799981689872
7.82249999046 0.0016001159752
7.82749986649 0.00099997711234
7.83249998093 0.00119997253481
7.83750009537 0.00139996795728
7.84249997139 0.0012000869814
7.84749984741 0.00099997711234
7.85249996185 0.00199995422468
7.85750007629 0.00139996795728
7.86249995232 0.0012000869814
7.86749982834 0.000599986267404
7.87249994278 0.00099997711234
7.87750005722 0.00139996795728
7.88250017166 0.00159996337974
7.88750004768 0.000600043490701
7.89249992371 0.00119997253481
7.89750003815 0.00099997711234
7.90250015259 0.000599986267404
7.90750002861 0.0010000724845
7.91249990463 0.00119997253481
7.91750001907 0.00139996795728
7.92250013351 0.00099997711234
7.92750000954 0.0010000724845
7.93249988556 0.00099997711234
7.9375 0.00099997711234
7.94250011444 0.000799981689872
7.94749999046 0.000600043490701
7.95249986649 0.000799981689872
7.95749998093 0.00159996337974
7.96250009537 0.00199995422468
7.96749997139 0.0012000869814
7.97249984741 0.000399990844936
7.97749996185 0.00099997711234
7.98250007629 0.00139996795728
7.98749995232 0.0010000724845
7.99249982834 0.000799981689872
7.99749994278 0.00139996795728
8.00250005722 0.00099997711234
8.00750017166 0.000599986267404
8.0125002861 0.00099997711234
8.01750040054 0.0
8.02250003815 0.00120020144983
8.02749967575 0.00159996337974
8.03249979019 0.00119997253481
8.03749990463 0.00179995880221
8.04250001907 0.000799981689872
8.04750013351 0.00139996795728
8.05250024796 0.000599986267404
8.0575003624 0.000599986267404
8.0625 0.00120020144983
8.0674996376 0.000199995422468
8.07249975204 0.00099997711234
8.07749986649 0.00139996795728
8.08249998093 0.000799981689872
8.08750009537 0.00179995880221
8.09250020981 0.000599986267404
8.09750032425 0.000599986267404
8.10249996185 0.00100016787486
8.10749959946 0.00199995422468
8.1124997139 0.00119997253481
8.11749982834 0.00219994964715
8.12249994278 0.00119997253481
8.12750005722 0.000399990844936
8.13250017166 0.000399990844936
8.1375002861 0.00119997253481
8.14250040054 0.00119997253481
8.14750003815 0.000600100724914
8.15249967575 0.000599986267404
8.15749979019 0.000799981689872
8.16249990463 0.000799981689872
8.16750001907 0.00119997253481
8.17250013351 0.000599986267404
8.17750024796 0.00159996337974
8.1825003624 0.00119997253481
8.1875 0.000200033574971
8.1924996376 0.000799981689872
8.19749975204 0.000799981689872
8.20249986649 0.00139996795728
8.20749998093 0.00119997253481
8.21250009537 0.00119997253481
8.21750020981 0.000399990844936
8.22250032425 0.00119997253481
8.22749996185 0.000600100724914
8.23249959946 0.000799981689872
8.2374997139 0.000799981689872
8.24249982834 0.000599986267404
8.24749994278 0.000599986267404
8.25250005722 0.000399990844936
8.25750017166 0.000599986267404
8.2625002861 0.00099997711234
8.26750040054 0.000399990844936
8.27250003815 0.0014002350248
8.27749967575 0.000199995422468
8.28249979019 0.000799981689872
8.28749990463 0.000799981689872
8.29250001907 0.00179995880221
8.29750013351 0.00099997711234
8.30250024796 0.000599986267404
8.3075003624 0.000599986267404
8.3125 0.000600100724914
8.3174996376 0.000399990844936
8.32249975204 0.000599986267404
8.32749986649 0.000799981689872
8.33249998093 0.000199995422468
8.33750009537 0.00119997253481
8.34250020981 0.000799981689872
8.34750032425 0.00099997711234
8.35249996185 0.00100016787486
8.35749959946 0.000399990844936
8.3624997139 0.000599986267404
8.36749982834 0.000599986267404
8.37249994278 0.000199995422468
8.37750005722 0.000599986267404
8.38250017166 0.000199995422468
8.3875002861 0.000799981689872
8.39250040054 0.0
8.39750003815 0.00100016787486
8.40249967575 0.000799981689872
8.40749979019 0.0
8.41249990463 0.000199995422468
8.41750001907 0.000799981689872
8.42250013351 0.000599986267404
8.42750024796 0.000399990844936
8.4325003624 0.000399990844936
8.4375 0.000600100724914
8.4424996376 0.000599986267404
8.44749975204 0.000599986267404
8.45249986649 0.000799981689872
8.45749998093 0.000599986267404
8.46250009537 0.000799981689872
8.46750020981 0.00099997711234
8.47250032425 0.000199995422468
8.47749996185 0.000600100724914
8.48249959946 0.000399990844936
8.4874997139 0.00159996337974
8.49249982834 0.000399990844936
8.49749994278 0.00099997711234
8.50250005722 0.00159996337974
8.50750017166 0.00099997711234
8.5125002861 0.000399990844936
8.51750040054 0.000799981689872
8.52250003815 0.000800134299886
8.52749967575 0.000399990844936
8.53249979019 0.000399990844936
8.53749990463 0.000199995422468
8.54250001907 0.000199995422468
8.54750013351 0.0
8.55250024796 0.000799981689872
8.5575003624 0.000799981689872
8.5625 0.000600100724914
8.5674996376 0.000799981689872
8.57249975204 0.000199995422468
8.57749986649 0.00139996795728
8.58249998093 0.000399990844936
8.58750009537 0.000799981689872
8.59250020981 0.000399990844936
8.59750032425 0.00099997711234
8.60249996185 0.000800134299886
8.60749959946 0.000599986267404
8.6124997139 0.00139996795728
8.61749982834 0.000399990844936
8.62249994278 0.000399990844936
8.62750005722 0.000799981689872
8.63250017166 0.000399990844936
8.6375002861 0.000599986267404
8.64250040054 0.000199995422468
8.64750003815 0.000400067149943
8.65249967575 0.000799981689872
8.65749979019 0.000599986267404
8.66249990463 0.000799981689872
8.66750001907 0.000599986267404
8.67250013351 0.000199995422468
8.67750024796 0.000399990844936
8.6825003624 0.000199995422468
8.6875 0.00100016787486
8.6924996376 0.00099997711234
8.69749975204 0.000199995422468
8.70249986649 0.000399990844936
8.70749998093 0.000199995422468
8.71250009537 0.00139996795728
8.71750020981 0.000399990844936
8.72250032425 0.000599986267404
8.72749996185 0.000400067149943
8.73249959946 0.000599986267404
8.7374997139 0.000399990844936
8.74249982834 0.00099997711234
8.74749994278 0.000799981689872
8.75250005722 0.00099997711234
8.75750017166 0.000399990844936
8.7625002861 0.000599986267404
8.76750040054 0.000199995422468
8.77250003815 0.000400067149943
8.77749967575 0.000799981689872
8.78249979019 0.000399990844936
8.78749990463 0.000599986267404
8.79250001907 0.00119997253481
8.79750013351 0.000199995422468
8.80250024796 0.000599986267404
8.8075003624 0.000399990844936
8.8125 0.0
8.8174996376 0.00119997253481
8.82249975204 0.0
8.82749986649 0.000399990844936
8.83249998093 0.000599986267404
8.83750009537 0.000599986267404
8.84250020981 0.000599986267404
8.84750032425 0.0
8.85249996185 0.000200033574971
8.85749959946 0.000799981689872
8.8624997139 0.000199995422468
8.86749982834 0.000799981689872
8.87249994278 0.000399990844936
8.87750005722 0.00099997711234
8.88250017166 0.000599986267404
8.8875002861 0.000199995422468
8.89250040054 0.000199995422468
8.89750003815 0.000200033574971
8.90249967575 0.000399990844936
8.90749979019 0.00099997711234
8.91249990463 0.0
8.91750001907 0.000599986267404
8.92250013351 0.000599986267404
8.92750024796 0.000599986267404
8.9325003624 0.000399990844936
8.9375 0.000800134299886
8.9424996376 0.00099997711234
8.94749975204 0.000599986267404
8.95249986649 0.000199995422468
8.95749998093 0.00099997711234
8.96250009537 0.000399990844936
8.96750020981 0.000199995422468
8.97250032425 0.000399990844936
8.97749996185 0.000800134299886
8.98249959946 0.000799981689872
8.9874997139 0.000799981689872
8.99249982834 0.000399990844936
8.99749994278 0.000599986267404
9.00250005722 0.0
9.00750017166 0.00099997711234
9.0125002861 0.000399990844936
9.01750040054 0.000599986267404
9.02250003815 0.000200033574971
9.02749967575 0.000599986267404
9.03249979019 0.00099997711234
9.03749990463 0.000599986267404
9.04250001907 0.000399990844936
9.04750013351 0.000799981689872
9.05250024796 0.000599986267404
9.0575003624 0.000799981689872
9.0625 0.000600100724914
9.0674996376 0.000599986267404
9.07249975204 0.000399990844936
9.07749986649 0.000199995422468
9.08249998093 0.0
9.08750009537 0.000399990844936
9.09250020981 0.000199995422468
9.09750032425 0.000799981689872
9.10249996185 0.00100016787486
9.10749959946 0.000199995422468
9.1124997139 0.000399990844936
9.11749982834 0.000399990844936
9.12249994278 0.000599986267404
9.12750005722 0.000399990844936
9.13250017166 0.000199995422468
9.1375002861 0.000199995422468
9.14250040054 0.000199995422468
9.14750003815 0.000800134299886
9.15249967575 0.000599986267404
9.15749979019 0.000599986267404
9.16249990463 0.000599986267404
9.16750001907 0.0
9.17250013351 0.00099997711234
9.17750024796 0.000199995422468
9.1825003624 0.0
9.1875 0.000400067149943
9.1924996376 0.000799981689872
9.19749975204 0.000199995422468
9.20249986649 0.000599986267404
9.20749998093 0.00179995880221
9.21250009537 0.000599986267404
9.21750020981 0.000199995422468
9.22250032425 0.000199995422468
9.22749996185 0.000600100724914
9.23249959946 0.000399990844936
9.2374997139 0.000199995422468
9.24249982834 0.000599986267404
9.24749994278 0.000599986267404
9.25250005722 0.0
9.25750017166 0.000399990844936
9.2625002861 0.000199995422468
9.26750040054 0.000599986267404
9.27250003815 0.000200033574971
9.27749967575 0.000599986267404
9.28249979019 0.000599986267404
9.28749990463 0.000399990844936
9.29250001907 0.000199995422468
9.29750013351 0.000199995422468
9.30250024796 0.000399990844936
9.3075003624 0.000599986267404
9.3125 0.00120020144983
9.3174996376 0.0
9.32249975204 0.000399990844936
9.32749986649 0.000199995422468
9.33249998093 0.000199995422468
9.33750009537 0.000399990844936
9.34250020981 0.0
9.34750032425 0.000799981689872
9.35249996185 0.000800134299886
9.35749959946 0.000199995422468
9.3624997139 0.000399990844936
9.36749982834 0.000199995422468
9.37249994278 0.0
9.37750005722 0.000599986267404
9.38250017166 0.000199995422468
9.3875002861 0.000399990844936
9.39250040054 0.000399990844936
9.39750003815 0.00100016787486
9.40249967575 0.000399990844936
9.40749979019 0.000799981689872
9.41249990463 0.000199995422468
9.41750001907 0.000399990844936
9.42250013351 0.000799981689872
9.42750024796 0.000399990844936
9.4325003624 0.000199995422468
9.4375 0.000800134299886
9.4424996376 0.0
9.44749975204 0.000399990844936
9.45249986649 0.000199995422468
9.45749998093 0.0
9.46250009537 0.000199995422468
9.46750020981 0.000199995422468
9.47250032425 0.000199995422468
9.47749996185 0.000600100724914
9.48249959946 0.0
9.4874997139 0.000399990844936
9.49249982834 0.000399990844936
9.49749994278 0.000599986267404
9.50250005722 0.000399990844936
9.50750017166 0.000199995422468
9.5125002861 0.000399990844936
9.51750040054 0.000599986267404
9.52250003815 0.000200033574971
9.52749967575 0.0
9.53249979019 0.000399990844936
9.53749990463 0.000199995422468
9.54250001907 0.00139996795728
9.54750013351 0.0
9.55250024796 0.000199995422468
9.5575003624 0.000199995422468
9.5625 0.000600100724914
9.5674996376 0.000199995422468
9.57249975204 0.0
9.57749986649 0.000599986267404
9.58249998093 0.000199995422468
9.58750009537 0.000199995422468
9.59250020981 0.000199995422468
9.59750032425 0.0
9.60249996185 0.000400067149943
9.60749959946 0.0
9.6124997139 0.0
9.61749982834 0.000399990844936
9.62249994278 0.0
9.62750005722 0.000399990844936
9.63250017166 0.000199995422468
9.6375002861 0.000399990844936
9.64250040054 0.000399990844936
9.64750003815 0.0
9.65249967575 0.0
9.65749979019 0.000399990844936
9.66249990463 0.000599986267404
9.66750001907 0.000199995422468
9.67250013351 0.00099997711234
9.67750024796 0.000399990844936
9.6825003624 0.000399990844936
9.6875 0.0
9.6924996376 0.000199995422468
9.69749975204 0.000199995422468
9.70249986649 0.000599986267404
9.70749998093 0.0
9.71250009537 0.000199995422468
9.71750020981 0.000199995422468
9.72250032425 0.000199995422468
9.72749996185 0.000200033574971
9.73249959946 0.000399990844936
9.7374997139 0.0
9.74249982834 0.000399990844936
9.74749994278 0.000199995422468
9.75250005722 0.000399990844936
9.75750017166 0.000599986267404
9.7625002861 0.000599986267404
9.76750040054 0.000199995422468
9.77250003815 0.000200033574971
9.77749967575 0.000599986267404
9.78249979019 0.0
9.78749990463 0.0
9.79250001907 0.0
9.79750013351 0.000199995422468
9.80250024796 0.000399990844936
9.8075003624 0.000199995422468
9.8125 0.000400067149943
9.8174996376 0.000599986267404
9.82249975204 0.000199995422468
9.82749986649 0.000199995422468
9.83249998093 0.000599986267404
9.83750009537 0.0
9.84250020981 0.000599986267404
9.84750032425 0.0
9.85249996185 0.000400067149943
9.85749959946 0.000599986267404
9.8624997139 0.000399990844936
9.86749982834 0.000199995422468
9.87249994278 0.000199995422468
9.87750005722 0.000599986267404
9.88250017166 0.0
9.8875002861 0.000399990844936
9.89250040054 0.000399990844936
9.89750003815 0.000400067149943
9.90249967575 0.000199995422468
9.90749979019 0.0
9.91249990463 0.0
9.91750001907 0.000399990844936
9.92250013351 0.000199995422468
9.92750024796 0.000799981689872
9.9325003624 0.000199995422468
9.9375 0.000400067149943
9.9424996376 0.000599986267404
9.94749975204 0.000199995422468
9.95249986649 0.000599986267404
9.95749998093 0.000199995422468
9.96250009537 0.0
9.96750020981 0.0
9.97250032425 0.000199995422468
9.97749996185 0.0
9.98249959946 0.000199995422468
9.9874997139 0.000599986267404
9.99249982834 0.000199995422468
