0.104622002691 1.46564427387
0.109977003187 1.54296007243
0.115330502391 1.64449726304
0.120682504028 1.71538045209
0.126032996923 1.78411673316
0.131381489336 1.88610486117
0.136727996171 1.95379171458
0.142072997987 1.98840246847
0.147416494787 2.05315171415
0.152757994831 2.07584462997
0.15809699893 2.1086497236
0.163434006274 2.20371001884
0.168768502772 2.18657765382
0.174100995064 2.18154820819
0.1794314906 2.15687828472
0.184759497643 2.21568693332
0.19008500129 2.2007925267
0.195408001542 2.19447191591
0.20072850585 2.20624206907
0.206046506763 2.24186464495
0.21136200428 2.19834709954
0.216674998403 2.15813425894
0.221985004842 2.19893789034
0.227292008698 2.17640793608
0.232596501708 2.18800866868
0.237897999585 2.19018855116
0.243196502328 2.15612400203
0.248492009938 2.22213405417
0.253784507513 2.16008924009
0.259073987603 2.18306626657
0.264360487461 2.20850436631
0.269644007087 2.1785248344
0.274923995137 2.19611302894
0.280200988054 2.23027780734
0.285475000739 2.24999956124
0.290745005012 2.27638247698
0.296011999249 2.30251497196
0.301275491714 2.27295019462
0.306535497308 2.35747917658
0.311792507768 2.4085569919
0.317045494914 2.39556168592
0.322294995189 2.43576651385
0.327541515231 2.44251662482
0.332783997059 2.44849032305
0.338022992015 2.51239666316
0.343258500099 2.55437150489
0.348489999771 2.59292069264
0.35371799767 2.64926070565
0.358942493796 2.66015393688
0.364163503051 2.69955283746
0.369380503893 2.65734012239
0.374593496323 2.68873759952
0.379803001881 2.73847114301
0.385008499026 2.76706871519
0.39020998776 2.77711612313
0.395408004522 2.74978907035
0.400602519512 2.78740876911
0.405793011189 2.79973647059
0.410979494452 2.75796721213
0.416161999106 2.85056205757
0.421340495348 2.80821099773
0.426515489817 2.81015323361
0.431686505675 2.81543590053
0.436853513122 2.84220128072
0.442016497254 2.84695229266
0.447175994515 2.82898322545
0.452331498265 2.81798621828
0.457482993603 2.81280454355
0.46263051033 2.79027459651
0.467774003744 2.76605859841
0.472913995385 2.72732061284
0.478050008416 2.71775531115
0.483182013035 2.68635846138
0.48830999434 2.65530249567
0.493433982134 2.64330033193
0.498554497957 2.58838317246
0.503670990467 2.53873744526
0.508783489466 2.47425245234
0.513891994953 2.42794110422
0.518996477127 2.38173994048
0.524097472429 2.34712755664
0.52919498086 2.31808429077
0.534288495779 2.2769541858
0.539377987385 2.21109720953
0.544463992119 2.15498005177
0.549546003342 2.11319535552
0.554623991251 2.06994056566
0.559698492289 2.06918537383
0.564769506454 2.00295228409
0.569836527109 1.98814461701
0.57489952445 1.96503801858
0.579959005117 1.94642514666
0.585014998913 1.95290973111
0.590067505836 1.92238520875
0.595116525888 1.95184357621
0.600161522627 1.89273377758
0.605203002691 1.90417046433
0.610240995884 1.87232062568
0.615275502205 1.92290261071
0.620307028294 1.89859477189
0.625334501266 1.89575535699
0.630358487368 1.85026574946
0.635379493237 1.8685184985
0.640396475792 1.83967523374
0.645410478115 1.84400961552
0.650421500206 1.83567554106
0.655428528786 1.87012911468
0.660432517529 1.82831198475
0.665433496237 1.79176482028
0.670430988073 1.77822196571
0.675425499678 1.77627915702
0.68041652441 1.80476037447
0.685404539108 1.80709794177
0.690389513969 1.77023710928
0.695371001959 1.77027128647
0.700350016356 1.70610648716
0.705325990915 1.72579206634
0.710298478603 1.68355540412
0.715268492699 1.67417964043
0.720235496759 1.64430775188
0.725199520588 1.63911623184
0.730161011219 1.64497927445
0.735119491816 1.63122189113
0.74007499218 1.6245522339
0.74502748251 1.57846892806
0.749977499247 1.57909627778
0.754925012589 1.56368990774
0.759869992733 1.55785833714
0.764812499285 1.52558782837
0.769752025604 1.54050023069
0.774689018726 1.50405800589
0.779623508453 1.48347873043
0.784555494785 1.48408841853
0.789484977722 1.44906866949
0.794411987066 1.4449782018
0.799336999655 1.44679142952
0.804259479046 1.43996308837
0.809179991484 1.40607886956
0.814098507166 1.36018838699
0.819014012814 1.38439911271
0.823927491903 1.32792911355
0.828838974237 1.36576969902
0.833748012781 1.37040859352
0.838655531406 1.36009449729
0.843561023474 1.31179374692
0.848463982344 1.28418398025
0.85336497426 1.28856137192
0.858264505863 1.25882191785
0.863162010908 1.22814915582
0.868057489395 1.24515527154
0.872951507568 1.26587336042
0.877843528986 1.22429493411
0.882733494043 1.21662071331
0.887621968985 1.19701355757
0.892508983612 1.17580093591
0.897394001484 1.16625606951
0.902277499437 1.18329106659
0.907159477472 1.16349948911
0.912039965391 1.14589903719
0.916918963194 1.1127546579
0.921796470881 1.11276720766
0.92667299509 1.10335943672
0.931547999382 1.08576318388
0.936421006918 1.08620153259
0.941293001175 1.07636253278
0.946163982153 1.05338863081
0.951033502817 1.06037246395
0.955902010202 1.0410908485
0.960768997669 1.03226384733
0.965635001659 1.0291812358
0.970499992371 1.03577783207
0.975363492966 1.0016401816
0.980226516724 0.994237380007
0.9850884974 0.956194131031
0.989948987961 0.979415096765
0.994809001684 0.95473566896
0.999669492245 0.949805114059
1.00453001261 0.941555353528
1.00938498974 0.922903583915
1.01423996687 0.943407188795
1.0190950036 0.90514905051
1.02395004034 0.890527003949
1.02880501747 0.900428943467
1.0336599946 0.901843775025
1.03851497173 0.85114968597
1.04336500168 0.871313410215
1.04821503162 0.836510241274
1.05306500196 0.83442783768
1.05791497231 0.854861094484
1.06276494265 0.84638652673
1.06761497259 0.802056903527
1.07246500254 0.818139278456
1.07731503248 0.823293885806
1.08216500282 0.777540083768
1.08701497316 0.767830310729
1.09185999632 0.798344408069
1.09670501947 0.774428208136
1.10155498981 0.802282807197
1.10640496016 0.754222147327
1.11124998331 0.781815538336
1.11609500647 0.762469519086
1.12094503641 0.736284113752
1.12578999996 0.735966051626
1.13063502312 0.712555405987
1.13548004627 0.727288181281
1.14032500982 0.705356469657
1.14517498016 0.722075145413
1.15001994371 0.705162904953
1.15486496687 0.709067786949
1.15971499681 0.702057520954
1.16456001997 0.672105165489
1.16940498352 0.699188126241
1.17425501347 0.679360550558
1.17910003662 0.662824001576
1.18394500017 0.661439215042
1.18879497051 0.658568821945
1.19363999367 0.635519388405
1.19848507643 0.63009920236
1.20333504677 0.651146004916
1.20818501711 0.609686957257
1.21303498745 0.622279494248
1.2178850174 0.623692159465
1.22273504734 0.620423789991
1.22758001089 0.607642573533
1.23242497444 0.616093813391
1.23727995157 0.583739628051
1.24213498831 0.585151026275
1.24698501825 0.577522207398
1.2518350482 0.575872733047
1.25668501854 0.55877317078
1.26153498888 0.569481019934
1.26638996601 0.549391271586
1.27124500275 0.562250750037
1.27610003948 0.552271974882
1.28095501661 0.542677061718
1.28580999374 0.55186044584
1.29066497087 0.526594686789
1.29551994801 0.537456929356
1.30037999153 0.528994632524
1.30524003506 0.540131868132
1.31009501219 0.503295861571
1.31494998932 0.504328841444
1.31980997324 0.486003877848
1.32467496395 0.508836057574
1.32953995466 0.506374065785
1.33439993858 0.510296012559
1.3392599225 0.483329004685
1.34412497282 0.47720179649
1.34899002314 0.468720082023
1.35385501385 0.483168379125
1.35872000456 0.468102803601
1.36358499527 0.463250260648
1.36845499277 0.451534746334
1.37331998348 0.467085463108
1.37818497419 0.459337529582
1.38305497169 0.460580822089
1.38792997599 0.432575701395
1.39280498028 0.456679334965
1.39767497778 0.442910617482
1.40254497528 0.439635996475
1.40741997957 0.437903493075
1.41229498386 0.408218758053
1.41716998816 0.425198759069
1.42204999924 0.425414066054
1.42692500353 0.396504590801
1.43180000782 0.425823906195
1.4366800189 0.410035044288
1.44156002998 0.406766339652
1.44643998146 0.397544936486
1.45132499933 0.385882920845
1.4562100172 0.373569288255
1.46109503508 0.398561638965
1.46598005295 0.388733373461
1.47086507082 0.379748057239
1.47575002909 0.377881840772
1.48063492775 0.386505829352
1.48552495241 0.379952552693
1.49041497707 0.371168296441
1.49530500174 0.368091816387
1.5001950264 0.367691788981
1.50508999825 0.354287258856
1.5099850297 0.355822089174
1.51488000154 0.368990177457
1.51977497339 0.344574839229
1.52467000484 0.340409647334
1.52956998348 0.356328084079
1.53447002172 0.374686395524
1.53937000036 0.346540553828
1.544269979 0.325299626615
1.54917001724 0.347756618139
1.55406999588 0.335103501752
1.55897504091 0.334004640074
1.56388002634 0.329601292363
1.56878495216 0.32179277071
1.5736899972 0.299585854373
1.57859504223 0.298982143925
1.58350497484 0.307950938306
1.58841496706 0.332171687781
1.59332501888 0.299185810236
1.5982349515 0.300822444364
1.60314494371 0.288588155478
1.60806000233 0.296747617755
1.61297500134 0.286762165291
1.61789000034 0.291463071138
1.62280499935 0.30407380169
1.62771999836 0.297154121341
1.63264000416 0.277641949215
1.63756000996 0.283536251211
1.64247995615 0.282323581013
1.64739996195 0.276212494173
1.65232002735 0.279877718938
1.65723997355 0.259355571903
1.66216498613 0.253948236478
1.66709005833 0.265650093429
1.67201501131 0.274042060404
1.67693996429 0.283942754797
1.68186497688 0.276063823581
1.68679499626 0.254968571815
1.69172495604 0.271202246306
1.69665497541 0.257193581353
1.7015850544 0.252128826386
1.70651501417 0.26694252516
1.71144497395 0.252128826386
1.71638000011 0.263965850193
1.72131502628 0.242189717381
1.72624999285 0.247980038128
1.73118495941 0.246652174485
1.73611998558 0.242710931274
1.74106001854 0.242306075676
1.74599999189 0.244336249813
1.75093996525 0.229553124324
1.75587999821 0.241698792278
1.76082003117 0.226719135135
1.76576000452 0.215995674027
1.77069997787 0.218824450965
1.77564001083 0.23076769112
1.78058505058 0.233735176187
1.78553003073 0.235226779025
1.79047495127 0.224043693182
1.79542499781 0.214134243949
1.80037003756 0.209720260817
1.8053150177 0.214139400828
1.81026500463 0.201619121547
1.81521493196 0.205457561737
1.8201649785 0.210902028946
1.82511502504 0.204043399562
1.83007001877 0.20463461642
1.83502501249 0.187275476627
1.83997493982 0.185457268116
1.84492999315 0.197170290658
1.84988504648 0.195356403343
1.8548399806 0.182865081741
1.85979497433 0.181816472402
1.86474996805 0.179437621554
1.86970996857 0.193546041146
1.8746650219 0.185048765244
1.87962001562 0.188913540895
1.88458001614 0.165925408191
1.88954001665 0.167945549162
1.89449995756 0.179034390944
1.89945995808 0.177417204384
1.90442502499 0.157542935431
1.90939003229 0.164114858365
1.9143499732 0.158469629822
1.91931498051 0.172230846397
1.92427998781 0.16351001245
1.92924499512 0.170017599539
1.93421000242 0.1457678656
1.93917500973 0.155530892833
1.94414001703 0.166534242027
1.94910496473 0.161973314145
1.95407497883 0.155933301353
1.95904499292 0.145876587273
1.96401500702 0.151104399117
1.96898502111 0.160363641457
1.97395497561 0.154930996138
1.9789249897 0.153518850235
1.9838950038 0.147083841788
1.98886495829 0.1440657055
1.99383491278 0.146882632703
1.99880498648 0.140034806035
2.00378000736 0.13454223584
2.00875496864 0.143861045764
2.01372504234 0.134806854073
2.01870000362 0.136148710298
2.0236749649 0.134806854073
2.02865004539 0.137346990425
2.03362500668 0.130587829024
2.03859996796 0.128913403294
2.04357993603 0.128317147317
2.04855489731 0.12675868368
2.0535299778 0.122688612792
2.05851006508 0.130519800843
2.06349003315 0.138156803371
2.06847000122 0.122487813098
2.07344996929 0.121891249485
2.07842993736 0.136342991957
2.08340990543 0.119481537799
2.0883898735 0.118070219839
2.09336996078 0.12148381463
2.09835004807 0.121885414018
2.10333013535 0.122086213711
2.10831010342 0.121088012256
2.11329007149 0.119074218307
2.11827504635 0.117838919776
2.12326002121 0.107628635772
2.12823998928 0.128116338009
2.13321995735 0.109034233627
2.13820493221 0.109421854078
2.14318990707 0.11867261892
2.14817488194 0.109421854078
2.1531598568 0.107829435465
2.15814495087 0.108414642332
2.16313004494 0.103411842206
2.16811513901 0.112222180602
2.17310011387 0.105424886293
2.17808508873 0.107011865074
2.18307507038 0.0969966618568
2.18806004524 0.1036126419
2.1930450201 0.101806413684
2.19803500175 0.102402739799
2.20302498341 0.0953934112476
2.20800995827 0.0963838529299
2.21299505234 0.0969920275203
2.21798503399 0.0885795961584
2.22297501564 0.0877737769709
2.22796499729 0.0897820341153
2.23295497894 0.0919821087434
2.23794496059 0.0889804088107
2.24293494225 0.0759503686574
2.2479249239 0.0817657810693
2.25291490555 0.0767519556617
2.2579048872 0.0819661873955
2.26289486885 0.0767519556617
2.2678848505 0.0683385572173
2.27287495136 0.0711374478047
2.27786517143 0.0717420368849
2.28285515308 0.0683385572173
2.28784513474 0.0741467978978
2.29283511639 0.0727474963926
2.29782509804 0.0675337051123
2.30282008648 0.0672016663011
2.30781507492 0.0595178350693
2.31280505657 0.0635288053897
2.31779503822 0.0699384661252
2.32279002666 0.0644015968719
2.32778501511 0.0657301343526
2.33277499676 0.0559133649959
2.3377699852 0.0595986358955
2.34276497364 0.061324335802
2.34775495529 0.066732118108
2.35274994373 0.0650016117496
2.35774493217 0.053505932537
2.36273503304 0.0567122805542
2.36773002148 0.0578014332173
2.37272500992 0.0563114870521
2.37771999836 0.0606015026465
2.3827149868 0.053305535786
2.38770997524 0.0620015373611
2.39270496368 0.053505932537
2.39769494534 0.054710927039
2.40268993378 0.0517988144192
2.40768492222 0.0583182409097
2.41267991066 0.0507988373069
2.4176748991 0.0571158029528
2.42266988754 0.0475989105474
2.42766988277 0.0564013985027
2.43266487122 0.045289665743
2.43765985966 0.0522012943589
2.4426548481 0.0551091065456
2.44764995575 0.0477989059699
2.45264494419 0.0474962992976
2.45763993263 0.0591986450505
2.46263992786 0.0510012646035
2.46763491631 0.0509007747731
2.47262990475 0.0484012001335
2.47762989998 0.0503988464619
2.48262500763 0.0500991877688
2.48762011528 0.049998855617
2.49262011051 0.0510012646035
2.49761509895 0.0529047422838
2.50261008739 0.0474011753374
2.50761008263 0.053398777799
2.51260507107 0.0505023941899
2.51760005951 0.0473989151249
2.52260005474 0.0516012794812
2.52760004997 0.0463989380126
2.53259503841 0.049299956233
2.53759002686 0.0477989059699
2.5425901413 0.0493988693496
2.54759013653 0.0492012199704
2.55258512497 0.0442876819876
2.55758011341 0.0492012199704
2.56258010864 0.0447989746328
2.56758010387 0.0440010910305
2.57257509232 0.0502995845198
2.57757008076 0.0464011505412
2.58257007599 0.0477989059699
2.58757007122 0.0478011852558
2.59257006645 0.0415990478734
2.59757006168 0.046201145582
2.60256505013 0.0430853014811
2.60756003857 0.0442010959897
2.6125600338 0.04699892428
2.61756002903 0.0440010910305
2.62256002426 0.0427990204082
2.6275550127 0.0430873601223
2.63255000114 0.0437989975205
2.63754999638 0.0452011207858
2.64254999161 0.0483988922373
2.64755010605 0.0437989975205
2.65255010128 0.0450011158266
2.65755009651 0.0457989517452
2.66254508495 0.0408828905347
2.66754007339 0.043599002098
2.67254006863 0.0408010116828
2.67754006386 0.0417990432958
2.68254005909 0.0478011852558
2.68754005432 0.0389991073813
2.69254004955 0.0442010959897
2.69754004478 0.0401990799161
2.70254004002 0.0378009372944
2.70753502846 0.0388769697086
2.7125300169 0.0406010067236
2.71753001213 0.040599070761
2.72253000736 0.0408010116828
2.72753000259 0.0411990570284
2.73252999783 0.0390009670497
2.73752999306 0.0365991623117
2.74252998829 0.0382009472128
2.74752998352 0.0365991623117
2.75252997875 0.0378009372944
2.75752496719 0.0406805404682
2.76252007484 0.0351991943544
2.76752007008 0.0414010265605
2.77252006531 0.0379991302689
2.77752006054 0.0334008281913
2.78252005577 0.0401990799161
2.787520051 0.0382009472128
2.79252004623 0.0337992263971
2.79752004147 0.0376009323351
2.8025200367 0.0317992721724
2.80752003193 0.0360008926613
2.81252002716 0.0377991348465
2.81752002239 0.0376009323351
2.82252001762 0.0395990936487
2.82752001286 0.0346008579467
2.83252000809 0.0391991028037
2.83751499653 0.0384780146209
2.84250998497 0.0377991348465
2.8475099802 0.0294007290067
2.85250997543 0.0371991485791
2.85750997066 0.039200972009
2.8625099659 0.0365991623117
2.86750996113 0.0312007736398
2.87250995636 0.0355991851993
2.8775100708 0.0347992035094
2.88251006603 0.0330008182729
2.88751006126 0.0321992630174
2.8925100565 0.0348008629059
2.89751005173 0.0371991485791
2.90251004696 0.0312007736398
2.90751004219 0.0365991623117
2.91251003742 0.0330008182729
2.91751003265 0.0347992035094
2.92251002789 0.0350008678651
2.92751002312 0.0337992263971
2.93251001835 0.0310007686806
2.93751001358 0.0321992630174
2.94251000881 0.0336008331505
2.94751000404 0.0331992401297
2.95250999928 0.0306007587621
2.95750999451 0.0307992950601
2.96250998974 0.0292007240475
2.96750998497 0.0307992950601
2.9725099802 0.028800714129
2.97750997543 0.0301993087927
2.98250997066 0.0306007587621
2.9875099659 0.0305992996376
2.99250996113 0.0320007934767
2.99750995636 0.0287993408354
3.0025100708 0.0269993820332
3.00751006603 0.0302007488436
3.01250505447 0.034668637936
3.01750004292 0.0272006744552
3.02250003815 0.0283993499905
3.02750003338 0.0292007240475
3.03250002861 0.0265993911883
3.03750002384 0.0352008728244
3.04250001907 0.0295993225253
3.04750001431 0.0280006942921
3.05250000954 0.0327992492848
3.05750000477 0.0264006546183
3.0625 0.0307992950601
3.06749999523 0.0310007686806
3.07249999046 0.0327992492848
3.07749998569 0.0294007290067
3.08249998093 0.0295993225253
3.08749997616 0.0274006794144
3.09249997139 0.0273993728781
3.09749996662 0.0248006149444
3.10249996185 0.0279993591455
3.10749995708 0.027000669496
3.11249995232 0.0263993957658
3.11749994755 0.0254006298221
3.12249994278 0.0271993774557
3.12750005722 0.0297993179477
3.13250005245 0.0272006744552
3.13750004768 0.028199354568
3.14250004292 0.0268006645367
3.14750003815 0.0277993637231
3.15250003338 0.0266006595775
3.15750002861 0.025199423231
3.16250002384 0.0284007042106
3.16750001907 0.028199354568
3.17250001431 0.0320007934767
3.17750000954 0.0263993957658
3.18250000477 0.0322007984359
3.1875 0.0261994003433
3.19249999523 0.0260006446998
3.19749999046 0.0233994644288
3.20249998569 0.0286007091698
3.20749998093 0.0231994690063
3.21249997616 0.024400605026
3.21749997139 0.0235994598512
3.22249996662 0.0242006000668
3.22749996185 0.0235994598512
3.23249995708 0.0258006397406
3.23749995232 0.0233994644288
3.24249994755 0.0248006149444
3.24749994278 0.0241994461186
3.25250005722 0.0243994415411
3.25750005245 0.0246006099852
3.26250004768 0.0233994644288
3.26750004292 0.024400605026
3.27250003815 0.0207995239367
3.27750003338 0.0264006546183
3.28250002861 0.0225994827389
3.28750002384 0.0216005355968
3.29250001907 0.018799569712
3.29750001431 0.0222005504745
3.30250000954 0.0237994552737
3.30750000477 0.0224005554337
3.3125 0.0297993179477
3.31749999523 0.0200004959229
3.32249999046 0.0195995514019
3.32749998569 0.0254006298221
3.33249998093 0.0235994598512
3.33749997616 0.0252006248629
3.34249997139 0.0195995514019
3.34749996662 0.0232005752706
3.35249996185 0.0201995376693
3.35749995708 0.0230005703114
3.36249995232 0.0209995193591
3.36749994755 0.0224005554337
3.37249994278 0.0205995285142
3.37750005722 0.0197995468243
3.38250005245 0.021800540556
3.38750004768 0.0235994598512
3.39250004292 0.0214005306375
3.39750003815 0.021799501049
3.40250003338 0.0224005554337
3.40750002861 0.0225994827389
3.41250002384 0.0248006149444
3.41750001907 0.0199995422468
3.42250001431 0.0236005851891
3.42750000954 0.0171996063323
3.43250000477 0.0196004860045
3.4375 0.0235994598512
3.44249999523 0.0220005455152
3.44749999046 0.022199491894
3.45249998569 0.0184004562491
3.45749998093 0.0179995880221
3.46249997616 0.0202005008822
3.46749997139 0.0211995147816
3.47249996662 0.0238005901483
3.47749996185 0.0203995330917
3.48249995708 0.0246006099852
3.48749995232 0.0183995788671
3.49249994755 0.0190004711268
3.49749994278 0.0223994873164
3.50250005722 0.0213995102041
3.50750005245 0.0190004711268
3.51250004768 0.0223994873164
3.51750004292 0.0196004860045
3.52250003815 0.0207995239367
3.52750003338 0.0212005256783
3.53250002861 0.0175995971772
3.53750002384 0.0206005108006
3.54250001907 0.0169996109098
3.54750001431 0.0224005554337
3.55250000954 0.0199995422468
3.55750000477 0.0220005455152
3.5625 0.018799569712
3.56749999523 0.0188004661676
3.57249999046 0.0219994964715
3.57749998569 0.0172004264937
3.58249998093 0.018799569712
3.58749997616 0.019200476086
3.59249997139 0.0223994873164
3.59749996662 0.0190004711268
3.60249996185 0.0193995559794
3.60749995708 0.0158003917791
3.61249995232 0.0205995285142
3.61749994755 0.0158003917791
3.62249994278 0.018799569712
3.62750005722 0.0159996337974
3.63250005245 0.0194004810453
3.63750004768 0.0155996429525
3.64250004292 0.0216005355968
3.64750003815 0.0175995971772
3.65250003338 0.0160003967384
3.65750002861 0.0173996017547
3.66250002384 0.0202005008822
3.66750001907 0.0159996337974
3.67250001431 0.0186004612083
3.67750000954 0.0165996200648
3.68250000477 0.0194004810453
3.6875 0.0139996795728
3.69249999523 0.0156003868199
3.69749999046 0.0165996200648
3.70249998569 0.0158003917791
3.70749998093 0.0151996521076
3.71249997616 0.0178004413714
3.71749997139 0.0197995468243
3.72249996662 0.0178004413714
3.72749996185 0.0149996566851
3.73249995708 0.0170004215345
3.73749995232 0.0165996200648
3.74249994755 0.0162004016976
3.74749994278 0.0177995925997
3.75250005722 0.015799638375
3.75750005245 0.019200476086
3.76250004768 0.0193995559794
3.76750004292 0.0150003719422
3.77250003815 0.0173996017547
3.77750003338 0.0164004066568
3.78250002861 0.0165996200648
3.78750002384 0.0170004215345
3.79250001907 0.0169996109098
3.79750001431 0.0138003421868
3.80250000954 0.0173996017547
3.80750000477 0.0180004463306
3.8125 0.0173996017547
3.81749999523 0.0152003769014
3.82249999046 0.0149996566851
3.82749998569 0.016600411616
3.83249998093 0.0165996200648
3.83749997616 0.0126003124315
3.84249997139 0.015799638375
3.84749996662 0.0158003917791
3.85249996185 0.0125997116155
3.85749995708 0.014800366983
3.86249995232 0.0167996154873
3.86749994755 0.0164004066568
3.87249994278 0.0175995971772
3.87750005722 0.0131996978829
3.88250005245 0.0180004463306
3.88750004768 0.0149996566851
3.89250004292 0.0180004463306
3.89750003815 0.0155996429525
3.90250003338 0.0118002925945
3.90750002861 0.0141996749952
3.91250002384 0.0136003372276
3.91750001907 0.0147996612626
3.92250001431 0.0152003769014
3.92750000954 0.0113997390807
3.93250000477 0.014800366983
3.9375 0.0145996658402
3.94249999523 0.017400431453
3.94749999046 0.0125997116155
3.95249998569 0.0134003322684
3.95749998093 0.01539964753
3.96249997616 0.0142003521053
3.96749997139 0.0117997299256
3.97249996662 0.0140003471461
3.97749996185 0.0099997711234
3.98249995708 0.0142003521053
3.98749995232 0.0149996566851
3.99249994755 0.0144003570645
3.99749994278 0.0141996749952
4.00250005722 0.0159996337974
4.00750017166 0.0121997207706
4.01250004768 0.0112008118264
4.01749992371 0.0129997024604
4.02250003815 0.012799707038
4.02750015259 0.0137996841503
4.03250002861 0.0114008263233
4.03749990463 0.0129997024604
4.04250001907 0.0129997024604
4.04750013351 0.0159996337974
4.05250000954 0.012000869814
4.05749988556 0.0151996521076
4.0625 0.0143996704177
4.06750011444 0.0119997253481
4.07249999046 0.0154011162613
4.07749986649 0.0131996978829
4.08249998093 0.0135996887278
4.08750009537 0.0125997116155
4.09249997139 0.0148010727706
4.09749984741 0.0121997207706
4.10249996185 0.0105997573908
4.10750007629 0.012799707038
4.11249995232 0.0118008553171
4.11749982834 0.0109997482357
4.12249994278 0.0115997345031
4.12750005722 0.0109997482357
4.13250017166 0.0111997436582
4.13750004768 0.0126009133047
4.14249992371 0.0119997253481
4.14750003815 0.0149996566851
4.15250015259 0.0111997436582
4.15750002861 0.0150010872675
4.16249990463 0.0125997116155
4.16750001907 0.012799707038
4.17250013351 0.012799707038
4.17750000954 0.0126009133047
4.18249988556 0.0131996978829
4.1875 0.0103997619683
4.19250011444 0.0109997482357
4.19749999046 0.0114008263233
4.20249986649 0.012399716193
4.20749998093 0.00959978027847
4.21250009537 0.0107997528133
4.21749997139 0.012000869814
4.22249984741 0.0103997619683
4.22749996185 0.0103997619683
4.23250007629 0.0119997253481
4.23749995232 0.0134009712923
4.24249982834 0.0133996933054
4.24749994278 0.0109997482357
4.25250005722 0.0099997711234
4.25750017166 0.0103997619683
4.26250004768 0.0142010292799
4.26749992371 0.0121997207706
4.27250003815 0.0119997253481
4.27750015259 0.0125997116155
4.28250002861 0.0146010582737
4.28749990463 0.0129997024604
4.29250001907 0.012399716193
4.29750013351 0.0121997207706
4.30250000954 0.0158011452551
4.30749988556 0.0141996749952
4.3125 0.0129997024604
4.31750011444 0.0101997665459
4.32249999046 0.0110007973295
4.32749986649 0.0103997619683
4.33249998093 0.0119997253481
4.33750009537 0.0115997345031
4.34249997139 0.0110007973295
4.34749984741 0.0099997711234
4.35249996185 0.00879979858859
4.35750007629 0.0117997299256
4.36249995232 0.00960069585122
4.36749982834 0.0101997665459
4.37249994278 0.0107997528133
4.37750005722 0.0143996704177
4.38250017166 0.0113997390807
4.38750004768 0.00860062336671
4.39249992371 0.0115997345031
4.39750003815 0.0113997390807
4.40250015259 0.0105997573908
4.40750002861 0.00980071034812
4.41249990463 0.0131996978829
4.41750001907 0.0121997207706
4.42250013351 0.00819981232119
4.42750000954 0.0102007393419
4.43249988556 0.0107997528133
4.4375 0.00859980316613
4.44250011444 0.00959978027847
4.44749999046 0.00800057987601
4.45249986649 0.0105997573908
4.45749998093 0.00819981232119
4.46250009537 0.0107997528133
4.46749997139 0.0106007683357
4.47249984741 0.0101997665459
4.47749996185 0.00879979858859
4.48250007629 0.0107997528133
4.48749995232 0.0116008408202
4.49249982834 0.0103997619683
4.49749994278 0.00799981689872
4.50250005722 0.00959978027847
4.50750017166 0.0111997436582
4.51250004768 0.0112008118264
4.51749992371 0.00919978943353
4.52250003815 0.012799707038
4.52750015259 0.00959978027847
4.53250002861 0.00940068135432
4.53749990463 0.00979977570093
4.54250001907 0.00719983520885
4.54750013351 0.0101997665459
4.55250000954 0.00820059437291
4.55749988556 0.00759982605379
4.5625 0.0113997390807
4.56750011444 0.00799981689872
4.57249999046 0.00940068135432
4.57749986649 0.00859980316613
4.58249998093 0.0105997573908
4.58750009537 0.00919978943353
4.59249997139 0.0102007393419
4.59749984741 0.00859980316613
4.60249996185 0.0105997573908
4.60750007629 0.00739983063132
4.61249995232 0.00900065236052
4.61749982834 0.00879979858859
4.62249994278 0.00879979858859
4.62750005722 0.00899979401106
4.63250017166 0.00919978943353
4.63750004768 0.00940068135432
4.64249992371 0.00799981689872
4.64750003815 0.00919978943353
4.65250015259 0.0113997390807
4.65750002861 0.00980071034812
4.66249990463 0.0099997711234
4.66750001907 0.0103997619683
4.67250013351 0.00799981689872
4.67750000954 0.00960069585122
4.68249988556 0.0105997573908
4.6875 0.00799981689872
4.69250011444 0.00879979858859
4.69749999046 0.0116008408202
4.70249986649 0.00799981689872
4.70749998093 0.00899979401106
4.71250009537 0.00919978943353
4.71749997139 0.00740053638531
4.72249984741 0.00819981232119
4.72749996185 0.0113997390807
4.73250007629 0.00919978943353
4.73749995232 0.00720052188841
4.74249982834 0.00819981232119
4.74749994278 0.00959978027847
4.75250005722 0.00759982605379
4.75750017166 0.00699983978638
4.76250004768 0.00700050739151
4.76749992371 0.00859980316613
4.77250003815 0.00799981689872
4.77750015259 0.00759982605379
4.78250002861 0.0108007828326
4.78749990463 0.00779982147625
4.79250001907 0.00959978027847
4.79750013351 0.009399784856
4.80250000954 0.0108007828326
4.80749988556 0.00779982147625
4.8125 0.00979977570093
4.81750011444 0.00759982605379
4.82249999046 0.00700050739151
4.82749986649 0.00739983063132
4.83249998093 0.00619985809651
4.83750009537 0.00879979858859
4.84249997139 0.00840060886981
4.84749984741 0.00699983978638
4.85249996185 0.00739983063132
4.85750007629 0.00899979401106
4.86249995232 0.00900065236052
4.86749982834 0.00639985351898
4.87249994278 0.00639985351898
4.87750005722 0.00899979401106
4.88250017166 0.00479989013923
4.88750004768 0.00740053638531
4.89249992371 0.00719983520885
4.89750003815 0.00659984894145
4.90250015259 0.00899979401106
4.90750002861 0.00760055088221
4.91249990463 0.00839980774366
4.91750001907 0.00779982147625
4.92250013351 0.00779982147625
4.92750000954 0.00940068135432
4.93249988556 0.00799981689872
4.9375 0.00599986267404
4.94250011444 0.00919978943353
4.94749999046 0.00700050739151
4.95249986649 0.00959978027847
4.95749998093 0.00679984436391
4.96250009537 0.00899979401106
4.96749997139 0.00700050739151
4.97249984741 0.00879979858859
4.97749996185 0.00639985351898
4.98250007629 0.00799981689872
4.98749995232 0.00880063786361
4.99249982834 0.00799981689872
4.99749994278 0.00819981232119
5.00250005722 0.00799981689872
5.00750017166 0.00879979858859
5.01250004768 0.00620044940391
5.01749992371 0.00579986725157
5.02250003815 0.00799981689872
5.02750015259 0.00799981689872
5.03250002861 0.00940068135432
5.03749990463 0.00859980316613
5.04250001907 0.00579986725157
5.04750013351 0.00839980774366
5.05250000954 0.00680049289461
5.05749988556 0.00659984894145
5.0625 0.00599986267404
5.06750011444 0.00759982605379
5.07249999046 0.00600043490701
5.07749986649 0.00879979858859
5.08249998093 0.00859980316613
5.08750009537 0.00839980774366
5.09249997139 0.00820059437291
5.09749984741 0.00799981689872
5.10249996185 0.00619985809651
5.10750007629 0.00839980774366
5.11249995232 0.0106007683357
5.11749982834 0.00719983520885
5.12249994278 0.0101997665459
5.12750005722 0.00839980774366
5.13250017166 0.00859980316613
5.13750004768 0.00720052188841
5.14249992371 0.00639985351898
5.14750003815 0.00599986267404
5.15250015259 0.00599986267404
5.15750002861 0.00540039141631
5.16249990463 0.00659984894145
5.16750001907 0.00619985809651
5.17250013351 0.00639985351898
5.17750000954 0.00880063786361
5.18249988556 0.00799981689872
5.1875 0.00859980316613
5.19250011444 0.00619985809651
5.19749999046 0.00780056537911
5.20249986649 0.00659984894145
5.20749998093 0.00639985351898
5.21250009537 0.00779982147625
5.21749997139 0.00560040591321
5.22249984741 0.00739983063132
5.22749996185 0.00779982147625
5.23250007629 0.00819981232119
5.23749995232 0.00580042041011
5.24249982834 0.00579986725157
5.24749994278 0.00519988098417
5.25250005722 0.00679984436391
5.25750017166 0.00539987640664
5.26250004768 0.00720052188841
5.26749992371 0.00619985809651
5.27250003815 0.00719983520885
5.27750015259 0.00719983520885
5.28250002861 0.00820059437291
5.28749990463 0.00639985351898
5.29250001907 0.00579986725157
5.29750013351 0.0049998855617
5.30250000954 0.00720052188841
5.30749988556 0.00679984436391
5.3125 0.00539987640664
5.31750011444 0.00579986725157
5.32249999046 0.00720052188841
5.32749986649 0.00459989471677
5.33249998093 0.00659984894145
5.33750009537 0.00559987182911
5.34249997139 0.00780056537911
5.34749984741 0.00699983978638
5.35249996185 0.00599986267404
5.35750007629 0.00719983520885
5.36249995232 0.00560040591321
5.36749982834 0.00719983520885
5.37249994278 0.00679984436391
5.37750005722 0.00659984894145
5.38250017166 0.00599986267404
5.38750004768 0.00880063786361
5.39249992371 0.00619985809651
5.39750003815 0.00739983063132
5.40250015259 0.00559987182911
5.40750002861 0.00400028993801
5.41249990463 0.00559987182911
5.41750001907 0.00559987182911
5.42250013351 0.00619985809651
5.42750000954 0.00560040591321
5.43249988556 0.00559987182911
5.4375 0.00699983978638
5.44250011444 0.00579986725157
5.44749999046 0.00700050739151
5.45249986649 0.0049998855617
5.45749998093 0.00579986725157
5.46250009537 0.00739983063132
5.46749997139 0.00640046390081
5.47249984741 0.00559987182911
5.47749996185 0.00619985809651
5.48250007629 0.00639985351898
5.48749995232 0.00460033342871
5.49249982834 0.00579986725157
5.49749994278 0.00579986725157
5.50250005722 0.00519988098417
5.50750017166 0.00399990844936
5.51250004768 0.00660047839771
5.51749992371 0.0049998855617
5.52250003815 0.00459989471677
5.52750015259 0.00559987182911
5.53250002861 0.00400028993801
5.53749990463 0.00579986725157
5.54250001907 0.0049998855617
5.54750013351 0.00699983978638
5.55250000954 0.00560040591321
5.55749988556 0.00459989471677
5.5625 0.00559987182911
5.56750011444 0.0043998992943
5.57249999046 0.00400028993801
5.57749986649 0.00739983063132
5.58249998093 0.00539987640664
5.58750009537 0.00579986725157
5.59249997139 0.00560040591321
5.59749984741 0.00399990844936
5.60249996185 0.00799981689872
5.60750007629 0.00479989013923
5.61249995232 0.00600043490701
5.61749982834 0.0049998855617
5.62249994278 0.00459989471677
5.62750005722 0.00359991760442
5.63250017166 0.00659984894145
5.63750004768 0.00380027544111
5.64249992371 0.0043998992943
5.64750003815 0.00699983978638
5.65250015259 0.00479989013923
5.65750002861 0.00660047839771
5.66249990463 0.00339992218196
5.66750001907 0.00379991302689
5.67250013351 0.0049998855617
5.67750000954 0.00460033342871
5.68249988556 0.00579986725157
5.6875 0.0043998992943
5.69250011444 0.00559987182911
5.69749999046 0.00460033342871
5.70249986649 0.00419990387183
5.70749998093 0.0043998992943
5.71250009537 0.00519988098417
5.71749997139 0.00500036242251
5.72249984741 0.00279993591455
5.72749996185 0.00579986725157
5.73250007629 0.00559987182911
5.73749995232 0.00440031893181
5.74249982834 0.0049998855617
5.74749994278 0.00399990844936
5.75250005722 0.00459989471677
5.75750017166 0.00539987640664
5.76250004768 0.00480034792561
5.76749992371 0.0049998855617
5.77250003815 0.00399990844936
5.77750015259 0.00539987640664
5.78250002861 0.00660047839771
5.78749990463 0.0043998992943
5.79250001907 0.00419990387183
5.79750013351 0.0049998855617
5.80250000954 0.00420030443491
5.80749988556 0.00519988098417
5.8125 0.00479989013923
5.81750011444 0.00519988098417
5.82249999046 0.00420030443491
5.82749986649 0.00319992675949
5.83249998093 0.00419990387183
5.83750009537 0.00559987182911
5.84249997139 0.00500036242251
5.84749984741 0.00539987640664
5.85249996185 0.00599986267404
5.85750007629 0.0049998855617
5.86249995232 0.00500036242251
5.86749982834 0.00339992218196
5.87249994278 0.00339992218196
5.87750005722 0.00399990844936
5.88250017166 0.00619985809651
5.88750004768 0.00380027544111
5.89249992371 0.00519988098417
5.89750003815 0.00299993133702
5.90250015259 0.00459989471677
5.90750002861 0.00560040591321
5.91249990463 0.00259994049208
5.91750001907 0.0049998855617
5.92250013351 0.0043998992943
5.92750000954 0.00420030443491
5.93249988556 0.00399990844936
5.9375 0.0049998855617
5.94250011444 0.00379991302689
5.94749999046 0.00340024644731
5.95249986649 0.00459989471677
5.95749998093 0.00339992218196
5.96250009537 0.00539987640664
5.96749997139 0.00620044940391
5.97249984741 0.00359991760442
5.97749996185 0.00399990844936
5.98250007629 0.00399990844936
5.98749995232 0.00360026094421
5.99249982834 0.00359991760442
5.99749994278 0.00519988098417
6.00250005722 0.00639985351898
6.00750017166 0.00399990844936
6.01250004768 0.00460033342871
6.01749992371 0.00419990387183
6.02250003815 0.00479989013923
6.02750015259 0.00379991302689
6.03250002861 0.00360026094421
6.03749990463 0.00539987640664
6.04250001907 0.00339992218196
6.04750013351 0.00599986267404
6.05250000954 0.00320023195041
6.05749988556 0.00379991302689
6.0625 0.00339992218196
6.06750011444 0.00319992675949
6.07249999046 0.00440031893181
6.07749986649 0.00479989013923
6.08249998093 0.00479989013923
6.08750009537 0.0043998992943
6.09249997139 0.00560040591321
6.09749984741 0.00399990844936
6.10249996185 0.00459989471677
6.10750007629 0.0043998992943
6.11249995232 0.00600043490701
6.11749982834 0.00619985809651
6.12249994278 0.00459989471677
6.12750005722 0.00399990844936
6.13250017166 0.00579986725157
6.13750004768 0.00380027544111
6.14249992371 0.00339992218196
6.14750003815 0.00299993133702
6.15250015259 0.00479989013923
6.15750002861 0.0026001884597
6.16249990463 0.00359991760442
6.16750001907 0.00319992675949
6.17250013351 0.00379991302689
6.17750000954 0.0028002029566
6.18249988556 0.0043998992943
6.1875 0.00359991760442
6.19250011444 0.00599986267404
6.19749999046 0.00340024644731
6.20249986649 0.0043998992943
6.20749998093 0.00399990844936
6.21250009537 0.00559987182911
6.21749997139 0.00560040591321
6.22249984741 0.00399990844936
6.22749996185 0.00219994964715
6.23250007629 0.00339992218196
6.23749995232 0.00480034792561
6.24249982834 0.00359991760442
6.24749994278 0.00419990387183
6.25250005722 0.00379991302689
6.25750017166 0.00399990844936
6.26250004768 0.00500036242251
6.26749992371 0.0043998992943
6.27250003815 0.00419990387183
6.27750015259 0.00319992675949
6.28250002861 0.00500036242251
6.28749990463 0.00279993591455
6.29250001907 0.00359991760442
6.29750013351 0.0043998992943
6.30250000954 0.00460033342871
6.30749988556 0.00359991760442
6.3125 0.00459989471677
6.31750011444 0.00379991302689
6.32249999046 0.00360026094421
6.32749986649 0.00239994506962
6.33249998093 0.00259994049208
6.33750009537 0.00279993591455
6.34249997139 0.00300021745351
6.34749984741 0.00359991760442
6.35249996185 0.00419990387183
6.35750007629 0.00299993133702
6.36249995232 0.00300021745351
6.36749982834 0.00359991760442
6.37249994278 0.00279993591455
6.37750005722 0.00379991302689
6.38250017166 0.00459989471677
6.38750004768 0.00300021745351
6.39249992371 0.0043998992943
6.39750003815 0.00479989013923
6.40250015259 0.00339992218196
6.40750002861 0.00460033342871
6.41249990463 0.00239994506962
6.41750001907 0.00179995880221
6.42250013351 0.0043998992943
6.42750000954 0.00460033342871
6.43249988556 0.00279993591455
6.4375 0.0049998855617
6.44250011444 0.00299993133702
6.44749999046 0.00320023195041
6.45249986649 0.00379991302689
6.45749998093 0.00359991760442
6.46250009537 0.00219994964715
6.46749997139 0.00320023195041
6.47249984741 0.00339992218196
6.47749996185 0.00259994049208
6.48250007629 0.00579986725157
6.48749995232 0.00440031893181
6.49249982834 0.00259994049208
6.49749994278 0.00239994506962
6.50250005722 0.00319992675949
6.50750017166 0.00339992218196
6.51250004768 0.00360026094421
6.51749992371 0.00259994049208
6.52250003815 0.0043998992943
6.52750015259 0.00399990844936
6.53250002861 0.00380027544111
6.53749990463 0.00259994049208
6.54250001907 0.00419990387183
6.54750013351 0.00339992218196
6.55250000954 0.00660047839771
6.55749988556 0.00319992675949
6.5625 0.00379991302689
6.56750011444 0.00159996337974
6.57249999046 0.00420030443491
6.57749986649 0.00279993591455
6.58249998093 0.00259994049208
6.58750009537 0.00199995422468
6.59249997139 0.00300021745351
6.59749984741 0.00179995880221
6.60249996185 0.00359991760442
6.60750007629 0.00379991302689
6.61249995232 0.0028002029566
6.61749982834 0.00419990387183
6.62249994278 0.00279993591455
6.62750005722 0.00299993133702
6.63250017166 0.00339992218196
6.63750004768 0.0022001594659
6.64249992371 0.00379991302689
6.64750003815 0.00299993133702
6.65250015259 0.00299993133702
6.65750002861 0.00380027544111
6.66249990463 0.00179995880221
6.66750001907 0.0049998855617
6.67250013351 0.00299993133702
6.67750000954 0.00300021745351
6.68249988556 0.00279993591455
6.6875 0.00219994964715
6.69250011444 0.00219994964715
6.69749999046 0.00360026094421
6.70249986649 0.00219994964715
6.70749998093 0.00339992218196
6.71250009537 0.00259994049208
6.71749997139 0.0024001739628
6.72249984741 0.00279993591455
6.72749996185 0.00239994506962
6.73250007629 0.00359991760442
6.73749995232 0.00360026094421
6.74249982834 0.00239994506962
6.74749994278 0.00359991760442
6.75250005722 0.00339992218196
6.75750017166 0.00359991760442
6.76250004768 0.0018001304721
6.76749992371 0.00239994506962
6.77250003815 0.00199995422468
6.77750015259 0.00359991760442
6.78250002861 0.0026001884597
6.78749990463 0.00279993591455
6.79250001907 0.00359991760442
6.79750013351 0.00259994049208
6.80250000954 0.0022001594659
6.80749988556 0.00279993591455
6.8125 0.00319992675949
6.81750011444 0.00279993591455
6.82249999046 0.0028002029566
6.82749986649 0.00279993591455
6.83249998093 0.00339992218196
6.83750009537 0.00179995880221
6.84249997139 0.0028002029566
6.84749984741 0.00259994049208
6.85249996185 0.00179995880221
6.85750007629 0.00399990844936
6.86249995232 0.00320023195041
6.86749982834 0.00279993591455
6.87249994278 0.00479989013923
6.87750005722 0.00339992218196
6.88250017166 0.00299993133702
6.88750004768 0.00340024644731
6.89249992371 0.00339992218196
6.89750003815 0.00299993133702
6.90250015259 0.00159996337974
6.90750002861 0.00360026094421
6.91249990463 0.00199995422468
6.91750001907 0.00219994964715
6.92250013351 0.00319992675949
6.92750000954 0.0024001739628
6.93249988556 0.00319992675949
6.9375 0.000599986267404
6.94250011444 0.00159996337974
6.94749999046 0.00320023195041
6.95249986649 0.00299993133702
6.95749998093 0.00399990844936
6.96250009537 0.00219994964715
6.96749997139 0.0022001594659
6.97249984741 0.00239994506962
6.97749996185 0.00139996795728
6.98250007629 0.00239994506962
6.98749995232 0.0028002029566
6.99249982834 0.00319992675949
6.99749994278 0.00219994964715
7.00250005722 0.00219994964715
7.00750017166 0.00179995880221
7.01250004768 0.0016001159752
7.01749992371 0.00279993591455
7.02250003815 0.00239994506962
7.02750015259 0.00119997253481
7.03250002861 0.0026001884597
7.03749990463 0.00239994506962
7.04250001907 0.00199995422468
7.04750013351 0.00259994049208
7.05250000954 0.0026001884597
7.05749988556 0.00219994964715
7.0625 0.00319992675949
7.06750011444 0.00279993591455
7.07249999046 0.002000144969
7.07749986649 0.00259994049208
7.08249998093 0.00159996337974
7.08750009537 0.00239994506962
7.09249997139 0.0026001884597
7.09749984741 0.00219994964715
7.10249996185 0.00099997711234
7.10750007629 0.00159996337974
7.11249995232 0.0010000724845
7.11749982834 0.00199995422468
7.12249994278 0.00219994964715
7.12750005722 0.00299993133702
7.13250017166 0.00119997253481
7.13750004768 0.0010000724845
7.14249992371 0.00359991760442
7.14750003815 0.00279993591455
7.15250015259 0.00219994964715
7.15750002861 0.0016001159752
7.16249990463 0.00319992675949
7.16750001907 0.00139996795728
7.17250013351 0.00279993591455
7.17750000954 0.002000144969
7.18249988556 0.00119997253481
7.1875 0.00139996795728
7.19250011444 0.00299993133702
7.19749999046 0.002000144969
7.20249986649 0.00299993133702
7.20749998093 0.00119997253481
7.21250009537 0.00239994506962
7.21749997139 0.0018001304721
7.22249984741 0.00279993591455
7.22749996185 0.00159996337974
7.23250007629 0.00239994506962
7.23749995232 0.0024001739628
7.24249982834 0.00179995880221
7.24749994278 0.00199995422468
7.25250005722 0.00239994506962
7.25750017166 0.00319992675949
7.26250004768 0.0022001594659
7.26749992371 0.00299993133702
7.27250003815 0.00099997711234
7.27750015259 0.00199995422468
7.28250002861 0.0022001594659
7.28749990463 0.00179995880221
7.29250001907 0.00219994964715
7.29750013351 0.00159996337974
7.30250000954 0.0016001159752
7.30749988556 0.00119997253481
7.3125 0.00159996337974
7.31750011444 0.00139996795728
7.32249999046 0.0022001594659
7.32749986649 0.00119997253481
7.33249998093 0.00219994964715
7.33750009537 0.00299993133702
7.34249997139 0.0016001159752
7.34749984741 0.00139996795728
7.35249996185 0.00179995880221
7.35750007629 0.00159996337974
7.36249995232 0.0018001304721
7.36749982834 0.00139996795728
7.37249994278 0.00179995880221
7.37750005722 0.00139996795728
7.38250017166 0.00239994506962
7.38750004768 0.0028002029566
7.39249992371 0.00159996337974
7.39750003815 0.00219994964715
7.40250015259 0.00139996795728
7.40750002861 0.002000144969
7.41249990463 0.00199995422468
7.41750001907 0.00219994964715
7.42250013351 0.00239994506962
7.42750000954 0.0016001159752
7.43249988556 0.00219994964715
7.4375 0.00199995422468
7.44250011444 0.00179995880221
7.44749999046 0.0028002029566
7.45249986649 0.00239994506962
7.45749998093 0.00159996337974
7.46250009537 0.00239994506962
7.46749997139 0.0024001739628
7.47249984741 0.00259994049208
7.47749996185 0.00119997253481
7.48250007629 0.00279993591455
7.48749995232 0.0012000869814
7.49249982834 0.00139996795728
7.49749994278 0.00099997711234
7.50250005722 0.00219994964715
7.50750017166 0.00199995422468
7.51250004768 0.0018001304721
7.51749992371 0.00219994964715
7.52250003815 0.00219994964715
7.52750015259 0.00179995880221
7.53250002861 0.002000144969
7.53749990463 0.00159996337974
7.54250001907 0.00179995880221
7.54750013351 0.00179995880221
7.55250000954 0.000800057987601
7.55749988556 0.00159996337974
7.5625 0.00199995422468
7.56750011444 0.00219994964715
7.57249999046 0.0010000724845
7.57749986649 0.00099997711234
7.58249998093 0.00219994964715
7.58750009537 0.00119997253481
7.59249997139 0.002000144969
7.59749984741 0.00139996795728
7.60249996185 0.00259994049208
7.60750007629 0.00159996337974
7.61249995232 0.0014001014783
7.61749982834 0.00139996795728
7.62249994278 0.00199995422468
7.62750005722 0.00219994964715
7.63250017166 0.00179995880221
7.63750004768 0.0012000869814
7.64249992371 0.00139996795728
7.64750003815 0.00199995422468
7.65250015259 0.00099997711234
7.65750002861 0.0018001304721
7.66249990463 0.00179995880221
7.66750001907 0.00219994964715
7.67250013351 0.00159996337974
7.67750000954 0.0022001594659
7.68249988556 0.00139996795728
7.6875 0.00159996337974
7.69250011444 0.00099997711234
7.69749999046 0.0022001594659
7.70249986649 0.00099997711234
7.70749998093 0.00199995422468
7.71250009537 0.00099997711234
7.71749997139 0.0016001159752
7.72249984741 0.00139996795728
7.72749996185 0.000799981689872
7.73250007629 0.000799981689872
7.73749995232 0.0010000724845
7.74249982834 0.00179995880221
7.74749994278 0.00219994964715
7.75250005722 0.000799981689872
7.75750017166 0.000399990844936
7.76250004768 0.0014001014783
7.76749992371 0.000599986267404
7.77250003815 0.00139996795728
7.77750015259 0.000799981689872
7.78250002861 0.0010000724845
7.78749990463 0.00099997711234
7.79250001907 0.00139996795728
7.79750013351 0.000399990844936
7.80250000954 0.002000144969
7.80749988556 0.00199995422468
7.8125 0.000799981689872
7.81750011444 0.00179995880221
7.82249999046 0.0014001014783
7.82749986649 0.00119997253481
7.83249998093 0.00159996337974
7.83750009537 0.00119997253481
7.84249997139 0.000800057987601
7.84749984741 0.00239994506962
7.85249996185 0.00099997711234
7.85750007629 0.000799981689872
7.86249995232 0.000800057987601
7.86749982834 0.00259994049208
7.87249994278 0.00099997711234
7.87750005722 0.00199995422468
7.88250017166 0.000199995422468
7.88750004768 0.000600043490701
7.89249992371 0.00159996337974
7.89750003815 0.000199995422468
7.90250015259 0.000799981689872
7.90750002861 0.0018001304721
7.91249990463 0.00099997711234
7.91750001907 0.00119997253481
7.92250013351 0.00159996337974
7.92750000954 0.0014001014783
7.93249988556 0.000599986267404
7.9375 0.000399990844936
7.94250011444 0.000799981689872
7.94749999046 0.0014001014783
7.95249986649 0.00099997711234
7.95749998093 0.00159996337974
7.96250009537 0.00159996337974
7.96749997139 0.000600043490701
7.97249984741 0.00219994964715
7.97749996185 0.00119997253481
7.98250007629 0.000599986267404
7.98749995232 0.000800057987601
7.99249982834 0.00219994964715
7.99749994278 0.000799981689872
8.00250005722 0.000599986267404
8.00750017166 0.000799981689872
8.0125002861 0.000599986267404
8.01750040054 0.00099997711234
8.02250003815 0.000800134299886
8.02749967575 0.000799981689872
8.03249979019 0.00259994049208
8.03749990463 0.00139996795728
8.04250001907 0.00099997711234
8.04750013351 0.000599986267404
8.05250024796 0.00099997711234
8.0575003624 0.000599986267404
8.0625 0.000600100724914
8.0674996376 0.000399990844936
8.07249975204 0.000599986267404
8.07749986649 0.000599986267404
8.08249998093 0.000199995422468
8.08750009537 0.000399990844936
8.09250020981 0.00119997253481
8.09750032425 0.00099997711234
8.10249996185 0.000400067149943
8.10749959946 0.00099997711234
8.1124997139 0.000599986267404
8.11749982834 0.00099997711234
8.12249994278 0.000599986267404
8.12750005722 0.00119997253481
8.13250017166 0.000399990844936
8.1375002861 0.000599986267404
8.14250040054 0.000599986267404
8.14750003815 0.000600100724914
8.15249967575 0.000599986267404
8.15749979019 0.00099997711234
8.16249990463 0.000399990844936
8.16750001907 0.000599986267404
8.17250013351 0.000199995422468
8.17750024796 0.000599986267404
8.1825003624 0.00179995880221
8.1875 0.00160026859977
8.1924996376 0.000399990844936
8.19749975204 0.000799981689872
8.20249986649 0.00119997253481
8.20749998093 0.000599986267404
8.21250009537 0.000599986267404
8.21750020981 0.000599986267404
8.22250032425 0.000199995422468
8.22749996185 0.00120020144983
8.23249959946 0.000399990844936
8.2374997139 0.000399990844936
8.24249982834 0.00119997253481
8.24749994278 0.000599986267404
8.25250005722 0.000799981689872
8.25750017166 0.000599986267404
8.2625002861 0.000199995422468
8.26750040054 0.000599986267404
8.27250003815 0.000800134299886
8.27749967575 0.000799981689872
8.28249979019 0.000399990844936
8.28749990463 0.000599986267404
8.29250001907 0.00099997711234
8.29750013351 0.00099997711234
8.30250024796 0.000599986267404
8.3075003624 0.000399990844936
8.3125 0.00100016787486
8.3174996376 0.000599986267404
8.32249975204 0.000199995422468
8.32749986649 0.000799981689872
8.33249998093 0.000599986267404
8.33750009537 0.000799981689872
8.34250020981 0.000799981689872
8.34750032425 0.000399990844936
8.35249996185 0.000200033574971
8.35749959946 0.000799981689872
8.3624997139 0.000799981689872
8.36749982834 0.00099997711234
8.37249994278 0.00099997711234
8.37750005722 0.00099997711234
8.38250017166 0.000799981689872
8.3875002861 0.00099997711234
8.39250040054 0.00119997253481
8.39750003815 0.000600100724914
8.40249967575 0.00119997253481
8.40749979019 0.000799981689872
8.41249990463 0.000599986267404
8.41750001907 0.000399990844936
8.42250013351 0.00119997253481
8.42750024796 0.000799981689872
8.4325003624 0.00099997711234
8.4375 0.000800134299886
8.4424996376 0.000799981689872
8.44749975204 0.000199995422468
8.45249986649 0.000599986267404
8.45749998093 0.00099997711234
8.46250009537 0.000599986267404
8.46750020981 0.00139996795728
8.47250032425 0.00119997253481
8.47749996185 0.000400067149943
8.48249959946 0.00099997711234
8.4874997139 0.000399990844936
8.49249982834 0.00119997253481
8.49749994278 0.0
8.50250005722 0.00119997253481
8.50750017166 0.000799981689872
8.5125002861 0.000399990844936
8.51750040054 0.000399990844936
8.52250003815 0.000600100724914
8.52749967575 0.000599986267404
8.53249979019 0.000799981689872
8.53749990463 0.000199995422468
8.54250001907 0.000799981689872
8.54750013351 0.000799981689872
8.55250024796 0.00159996337974
8.5575003624 0.00139996795728
8.5625 0.00100016787486
8.5674996376 0.00119997253481
8.57249975204 0.000399990844936
8.57749986649 0.000399990844936
8.58249998093 0.00099997711234
8.58750009537 0.0
8.59250020981 0.000599986267404
8.59750032425 0.000199995422468
8.60249996185 0.00120020144983
8.60749959946 0.000199995422468
8.6124997139 0.000399990844936
8.61749982834 0.00099997711234
8.62249994278 0.000599986267404
8.62750005722 0.000399990844936
8.63250017166 0.000599986267404
8.6375002861 0.00099997711234
8.64250040054 0.000399990844936
8.64750003815 0.000400067149943
8.65249967575 0.00099997711234
8.65749979019 0.00119997253481
8.66249990463 0.00099997711234
8.66750001907 0.000399990844936
8.67250013351 0.000199995422468
8.67750024796 0.000399990844936
8.6825003624 0.000399990844936
8.6875 0.000600100724914
8.6924996376 0.000399990844936
8.69749975204 0.00119997253481
8.70249986649 0.000199995422468
8.70749998093 0.000799981689872
8.71250009537 0.000399990844936
8.71750020981 0.000199995422468
8.72250032425 0.000199995422468
8.72749996185 0.000800134299886
8.73249959946 0.000399990844936
8.7374997139 0.00139996795728
8.74249982834 0.00099997711234
8.74749994278 0.000599986267404
8.75250005722 0.000199995422468
8.75750017166 0.000599986267404
8.7625002861 0.00099997711234
8.76750040054 0.000199995422468
8.77250003815 0.000600100724914
8.77749967575 0.00099997711234
8.78249979019 0.000399990844936
8.78749990463 0.000599986267404
8.79250001907 0.0
8.79750013351 0.00099997711234
8.80250024796 0.000399990844936
8.8075003624 0.000799981689872
8.8125 0.000200033574971
8.8174996376 0.0
8.82249975204 0.000399990844936
8.82749986649 0.000199995422468
8.83249998093 0.000599986267404
8.83750009537 0.000199995422468
8.84250020981 0.000399990844936
8.84750032425 0.000599986267404
8.85249996185 0.000800134299886
8.85749959946 0.000599986267404
8.8624997139 0.000399990844936
8.86749982834 0.000599986267404
8.87249994278 0.000399990844936
8.87750005722 0.0
8.88250017166 0.000199995422468
8.8875002861 0.000799981689872
8.89250040054 0.00099997711234
8.89750003815 0.000400067149943
8.90249967575 0.000199995422468
8.90749979019 0.000199995422468
8.91249990463 0.000599986267404
8.91750001907 0.000399990844936
8.92250013351 0.00119997253481
8.92750024796 0.0
8.9325003624 0.0
8.9375 0.0014002350248
8.9424996376 0.000599986267404
8.94749975204 0.000599986267404
8.95249986649 0.000599986267404
8.95749998093 0.000599986267404
8.96250009537 0.00139996795728
8.96750020981 0.000599986267404
8.97250032425 0.000599986267404
8.97749996185 0.00100016787486
8.98249959946 0.000399990844936
8.9874997139 0.000599986267404
8.99249982834 0.000799981689872
8.99749994278 0.000799981689872
9.00250005722 0.00119997253481
9.00750017166 0.000199995422468
9.0125002861 0.0
9.01750040054 0.000599986267404
9.02250003815 0.000400067149943
9.02749967575 0.000199995422468
9.03249979019 0.000399990844936
9.03749990463 0.000199995422468
9.04250001907 0.00159996337974
9.04750013351 0.000399990844936
9.05250024796 0.000599986267404
9.0575003624 0.000199995422468
9.0625 0.000400067149943
9.0674996376 0.000199995422468
9.07249975204 0.000399990844936
9.07749986649 0.000399990844936
9.08249998093 0.000399990844936
9.08750009537 0.000399990844936
9.09250020981 0.000599986267404
9.09750032425 0.000599986267404
9.10249996185 0.000200033574971
9.10749959946 0.000199995422468
9.1124997139 0.000399990844936
9.11749982834 0.000399990844936
9.12249994278 0.000799981689872
9.12750005722 0.000399990844936
9.13250017166 0.0
9.1375002861 0.000799981689872
9.14250040054 0.000399990844936
9.14750003815 0.000200033574971
9.15249967575 0.000399990844936
9.15749979019 0.000199995422468
9.16249990463 0.000799981689872
9.16750001907 0.000599986267404
9.17250013351 0.000599986267404
9.17750024796 0.000399990844936
9.1825003624 0.000399990844936
9.1875 0.000600100724914
9.1924996376 0.0
9.19749975204 0.000399990844936
9.20249986649 0.000399990844936
9.20749998093 0.000399990844936
9.21250009537 0.000399990844936
9.21750020981 0.000399990844936
9.22250032425 0.000799981689872
9.22749996185 0.000400067149943
9.23249959946 0.000799981689872
9.2374997139 0.000399990844936
9.24249982834 0.000799981689872
9.24749994278 0.000399990844936
9.25250005722 0.000199995422468
9.25750017166 0.000799981689872
9.2625002861 0.000399990844936
9.26750040054 0.000199995422468
9.27250003815 0.000200033574971
9.27749967575 0.00119997253481
9.28249979019 0.000599986267404
9.28749990463 0.000399990844936
9.29250001907 0.000399990844936
9.29750013351 0.000799981689872
9.30250024796 0.0
9.3075003624 0.000399990844936
9.3125 0.000800134299886
9.3174996376 0.00119997253481
9.32249975204 0.000799981689872
9.32749986649 0.00099997711234
9.33249998093 0.000599986267404
9.33750009537 0.000399990844936
9.34250020981 0.000199995422468
9.34750032425 0.000199995422468
9.35249996185 0.000400067149943
9.35749959946 0.000199995422468
9.3624997139 0.000399990844936
9.36749982834 0.000199995422468
9.37249994278 0.000399990844936
9.37750005722 0.000599986267404
9.38250017166 0.000399990844936
9.3875002861 0.000399990844936
9.39250040054 0.000399990844936
9.39750003815 0.000400067149943
9.40249967575 0.000799981689872
9.40749979019 0.000399990844936
9.41249990463 0.000599986267404
9.41750001907 0.000199995422468
9.42250013351 0.000799981689872
9.42750024796 0.000599986267404
9.4325003624 0.000399990844936
9.4375 0.000800134299886
9.4424996376 0.000399990844936
9.44749975204 0.000399990844936
9.45249986649 0.000399990844936
9.45749998093 0.000199995422468
9.46250009537 0.000399990844936
9.46750020981 0.0
9.47250032425 0.000399990844936
9.47749996185 0.0
9.48249959946 0.000399990844936
9.4874997139 0.000399990844936
9.49249982834 0.000399990844936
9.49749994278 0.000199995422468
9.50250005722 0.000599986267404
9.50750017166 0.00099997711234
9.5125002861 0.000399990844936
9.51750040054 0.000199995422468
9.52250003815 0.00100016787486
9.52749967575 0.000399990844936
9.53249979019 0.0
9.53749990463 0.000599986267404
9.54250001907 0.000399990844936
9.54750013351 0.000399990844936
9.55250024796 0.000599986267404
9.5575003624 0.0
9.5625 0.000200033574971
9.5674996376 0.000799981689872
9.57249975204 0.000199995422468
9.57749986649 0.000199995422468
9.58249998093 0.0
9.58750009537 0.000199995422468
9.59250020981 0.000599986267404
9.59750032425 0.0
9.60249996185 0.000400067149943
9.60749959946 0.0
9.6124997139 0.000199995422468
9.61749982834 0.000799981689872
9.62249994278 0.000199995422468
9.62750005722 0.000199995422468
9.63250017166 0.000199995422468
9.6375002861 0.000399990844936
9.64250040054 0.000399990844936
9.64750003815 0.000200033574971
9.65249967575 0.000799981689872
9.65749979019 0.000399990844936
9.66249990463 0.000199995422468
9.66750001907 0.0
9.67250013351 0.000399990844936
9.67750024796 0.00099997711234
9.6825003624 0.000199995422468
9.6875 0.000200033574971
9.6924996376 0.000799981689872
9.69749975204 0.000399990844936
9.70249986649 0.0
9.70749998093 0.000599986267404
9.71250009537 0.000599986267404
9.71750020981 0.0
9.72250032425 0.000199995422468
9.72749996185 0.000600100724914
9.73249959946 0.000399990844936
9.7374997139 0.0
9.74249982834 0.000199995422468
9.74749994278 0.0
9.75250005722 0.0
9.75750017166 0.0
9.7625002861 0.000799981689872
9.76750040054 0.000199995422468
9.77250003815 0.000800134299886
9.77749967575 0.000199995422468
9.78249979019 0.000199995422468
9.78749990463 0.000199995422468
9.79250001907 0.0
9.79750013351 0.0
9.80250024796 0.0
9.8075003624 0.000199995422468
9.8125 0.000200033574971
9.8174996376 0.000399990844936
9.82249975204 0.00119997253481
9.82749986649 0.0
9.83249998093 0.000199995422468
9.83750009537 0.000399990844936
9.84250020981 0.0
9.84750032425 0.000199995422468
9.85249996185 0.000200033574971
9.85749959946 0.000799981689872
9.8624997139 0.000199995422468
9.86749982834 0.000599986267404
9.87249994278 0.000399990844936
9.87750005722 0.000199995422468
9.88250017166 0.000199995422468
9.8875002861 0.000399990844936
9.89250040054 0.000199995422468
9.89750003815 0.000200033574971
9.90249967575 0.000199995422468
9.90749979019 0.0
9.91249990463 0.000399990844936
9.91750001907 0.000199995422468
9.92250013351 0.00099997711234
9.92750024796 0.0
9.9325003624 0.000599986267404
9.9375 0.0
9.9424996376 0.0
9.94749975204 0.0
9.95249986649 0.0
9.95749998093 0.000199995422468
9.96250009537 0.0
9.96750020981 0.0
9.97250032425 0.000199995422468
9.97749996185 0.000200033574971
9.98249959946 0.000399990844936
9.9874997139 0.0
9.99249982834 0.000399990844936
