4.42022319452 9.99468253367 5.74257415096
5.69410260615 2.61965462786 3.39930513905
4.39099244777 9.99812455502 11.6326596323
4.88776226294 3.8679333256 19.9940064355
8.08103092969 2.66038954958 3.0
4.74600771955 9.90502021794 8.24415067728
4.3345046251 1.26203470179 19.9999980443
3.88639119556 3.37908296265 3.00000177054
3.65806994522 10.0 16.9836285994
5.2488050545 8.93558999888 11.4968475024
4.92707456039 3.39732766363 3.0
7.31718755382 2.79047342542 3.00000000159
4.72047758775 8.89428014585 19.9405008526
6.14890648205 3.23525253652 3.00000000007
4.46730033455 9.96104515138 16.0768095078
4.35084701603 1.5533726872 19.9999832872
3.758074807 2.6233852386 19.9999833854
7.03833398313 2.81617911244 3.00004367975
4.2850989133 2.19935505781 19.9987927159
3.93109364412 9.99986145053 18.2893429127
7.41653524798 2.77132702051 3.00000000001
4.44197226767 6.90169013735 15.8290997028
7.49319997254 2.74084216277 3.0
4.11881338144 9.99998432049 11.3550357131
6.24038030126 3.45609681526 3.00030793602
4.52491455445 9.99999999992 10.7078735343
4.75866553941 3.49466313227 3.0000042397
5.16053059849 2.00623574981 19.9904652555
8.58241069681 2.49427904407 3.0
5.34189830324 6.34725352619 15.4186148569
3.02114158103 9.98548440605 7.24060590719
3.97427989482 9.99816419597 9.70280690022
-0.107495716547 4.60304447198 20.0
4.99940248651 9.79797942447 14.2910601449
3.57864448957 9.99933062283 16.3144030649
4.08377837035 1.87818731242 19.9997006076
4.27610788155 9.99990795991 11.953171772
4.64254370607 2.68795049469 12.2382720239
4.58427373408 9.9996958472 11.6536667019
4.36840173166 3.04298799034 3.92371324826
4.43485795043 9.99977628738 11.5696731977
4.16200771489 9.99981211863 11.1598825149
4.38672656071 2.20170889028 16.6519485653
4.43190490171 9.59942894921 9.58558287192
3.91109420204 9.99999951096 16.2019427339
4.15629270264 1.77886669259 19.9997676154
6.73185075286 2.32580128788 3.95518653182
6.37391231468 3.12571422983 3.0
4.54564956653 2.60053665907 5.12321935318
3.78494128618 8.40907670292 3.35890784623
5.46096591134 0.872289663967 19.9999998816
4.16272164846 2.26652690834 19.9998280731
2.57878715159 8.12672366937 3.00000000346
4.0618675666 9.9901494324 17.0560103841
4.04799416836 8.24417584252 19.9845275358
4.0158099578 3.36660305907 5.01870728261
6.09238895073 3.14324819399 3.0
4.58278583502 1.0535295853 19.9993805502
5.25792389648 8.543690063 19.3872985821
4.26403700835 9.99938351688 17.3341082774
4.34267402759 9.998520251 6.02502522929
5.13323414177 3.35082997692 3.11775313892
6.65328673228 3.19747180409 3.00000000029
0.781579402078 2.78922335319 8.99046358518
6.0175651376 3.27820745564 3.0
5.00797347693 7.19551967104 19.9999998779
5.40292717301 9.99897505712 11.2510573499
2.983040918 9.999995977 11.096410906
6.57282058164 2.93679555148 3.00010411885
4.44582568731 9.99984873014 12.7036572807
9.89361268344 2.03809219231 3.00000000337
