# Index 1	Index 2 (q_out)		rb
4.42022319452 9.99468253367 5.74257415096
5.69410260615 2.61965462786 3.39930513905
4.39099244777 9.99812455502 11.6326596323
4.88776226294 3.8679333256 19.9940064355
8.08103092969 2.66038954958 3.0
4.74600771955 9.90502021794 8.24415067728
4.3345046251 1.26203470179 19.9999980443
3.88639119556 3.37908296265 3.00000177054
3.65806994522 10.0 16.9836285994
5.2488050545 8.93558999888 11.4968475024
4.92707456039 3.39732766363 3.0
7.31718755382 2.79047342542 3.00000000159
4.72047758775 8.89428014585 19.9405008526
6.14890648205 3.23525253652 3.00000000007
4.46730033455 9.96104515138 16.0768095078
4.35084701603 1.5533726872 19.9999832872
3.758074807 2.6233852386 19.9999833854
7.03833398313 2.81617911244 3.00004367975
4.2850989133 2.19935505781 19.9987927159
3.93109364412 9.99986145053 18.2893429127
7.41653524798 2.77132702051 3.00000000001
4.44197226767 6.90169013735 15.8290997028
7.49319997254 2.74084216277 3.0
