3.19124527737    1.87924778096e-06    3.19124527737    0.000144977219389
3.59811900285    2.45498429121e-06    3.59811900285    0.000118705068308
4.05686784732    1.53115262406e-06    4.05686784732    7.38629246605e-05
4.57410572513    5.56045021463e-07    4.57410572513    1.23498355255e-16
5.15728980388    7.93605256318e-12    5.15728980388    1.84587212035e-20
5.81482801655    2.0390166351e-17    5.81482801655    8.17942182751e-20
6.55620028114    3.61424271552e-13    6.55620028114    2.77956846986e-16
7.39209517531    1.45240210116e-10    7.39209517531    2.6266702366e-10
8.33456403673    1.47797079637e-18    8.33456403673    1.41228900034e-05
9.3971947107    9.92907918499e-12    9.3971947107    1.40780106209e-19
10.59530745    1.36065892704e-09    10.59530745    1.76545257474e-15
11.9461757914    3.05177162054e-07    11.9461757914    4.37379672461e-15
13.4692755932    2.03128076077e-07    13.4692755932    1.1682528499e-07
15.1865658244    2.13814353843e-07    15.1865658244    0.000278726359274
17.1228051533    3.23184849144e-07    17.1228051533    5.28877139286e-11
19.3059089006    2.22174426962e-07    19.3059089006    0.000191481271758
21.7673515023    2.26640810672e-07    21.7673515023    2.74567675505e-11
24.542620286    1.61710499017e-07    24.542620286    2.17561429546e-05
27.671727102    1.51961949745e-07    27.671727102    2.80638445261e-20
31.1997851853    1.06643520838e-07    31.1997851853    2.96036192013e-05
35.1776595663    9.91485383713e-08    35.1776595663    2.59242168132e-12
39.662700407    7.79927930868e-08    39.662700407    1.25825423919e-12
44.719569834    5.6783348959e-08    44.719569834    7.56315680062e-20
50.4211741918    5.06618119769e-08    50.4211741918    6.52368027976e-20
76.7214097694    4.40780213316e-09    76.7214097694    8.49372373109e-22
