3.27795727698    4.90937566776e-07    3.27795727698    0.000131785568771
3.88537866283    1.19403550136e-06    3.88537866283    9.23087020372e-05
4.60535817826    2.81184429629e-07    4.60535817826    1.05516367223e-18
5.45875339076    1.26470846047e-09    5.45875339076    1.89764262447e-21
6.47028687623    2.52460816724e-10    6.47028687623    3.40757778747e-22
7.66926242384    5.76405126686e-19    7.66926242384    2.02283577039e-12
9.09041395702    4.03399873019e-14    9.09041395702    6.4521490539e-05
10.7749117638    5.76347810618e-14    10.7749117638    3.02604026885e-19
12.7715551861    1.24371628275e-07    12.7715551861    9.62600983645e-06
15.138186321    2.09812409236e-07    15.138186321    0.00031933019411
17.9433656865    2.50281543089e-07    17.9433656865    9.31045118022e-05
21.2683583972    1.82418623056e-07    21.2683583972    2.8952739931e-05
25.2094883879    1.38601453214e-07    25.2094883879    2.03143722108e-11
29.8809288855    1.05692471978e-07    29.8809288855    3.14882861189e-20
35.4180099699    7.52176846029e-08    35.4180099699    7.81856553548e-16
41.9811390414    5.29629836896e-08    41.9811390414    1.7182474315e-10
49.7604477698    3.88166274417e-08    49.7604477698    1.7730736687e-22
58.9813001454    2.76283540526e-08    58.9813001454    3.88605638113e-21
69.9108211995    1.94932626501e-08    69.9108211995    2.38839567124e-21
87.9194854564    7.78514674938e-09    87.9194854564    3.05736888942e-22
